[{"__type__":"cc.SpriteFrame","content":{"name":"skin_pack_bg","texture":"4e8MaNJ/ZES5BKRv/PE0Om","rect":[0,0,321,441],"offset":[0,0],"originalSize":[321,441],"capInsets":[0,0,0,0]}},{"__type__":"cc.Material","_effectAsset":{"__uuid__":"abwstieFJFJakN1HRIe4jy"},"_techniqueData":{"0":{"props":{"diffuseColor":{"__type__":"cc.Color","r":255},"emissiveColor":{"__type__":"cc.Color","r":210,"g":16,"b":16},"specularColor":{"__type__":"cc.Color","r":255,"g":255,"b":255},"glossiness":10,"diffuseTexture":{"__uuid__":"d8HsitJHxOYqo801xBk8ev"},"emissiveTexture":{"__uuid__":"d8HsitJHxOYqo801xBk8ev"}},"defines":{"USE_EMISSIVE":true,"USE_EMISSIVE_TEXTURE":true,"USE_DIFFUSE_TEXTURE":true}}}},{"__type__":"cc.SkeletonAnimationClip","_name":"character_bones|assassin_run","_native":".bin","_duration":0.5,"sample":30,"wrapMode":2,"description":{"character_bones/Bone":{"position":{"offset":0,"frameCount":5},"quat":{"offset":20,"frameCount":7},"scale":{"offset":55,"frameCount":1}},"character_bones/Bone/leg_up.L":{"quat":{"offset":59,"frameCount":13},"scale":{"offset":124,"frameCount":1},"position":{"offset":128,"frameCount":1}},"character_bones/Bone/leg_up.L/leg_down.L":{"quat":{"offset":132,"frameCount":12},"scale":{"offset":192,"frameCount":1},"position":{"offset":196,"frameCount":1}},"character_bones/Bone/leg_up.L/leg_down.L/foot.L":{"quat":{"offset":200,"frameCount":13},"scale":{"offset":265,"frameCount":1},"position":{"offset":269,"frameCount":1}},"character_bones/Bone/leg_up.R":{"quat":{"offset":273,"frameCount":13},"scale":{"offset":338,"frameCount":1},"position":{"offset":342,"frameCount":1}},"character_bones/Bone/leg_up.R/leg_down.R":{"quat":{"offset":346,"frameCount":13},"scale":{"offset":411,"frameCount":1},"position":{"offset":415,"frameCount":1}},"character_bones/Bone/leg_up.R/leg_down.R/foot.R":{"quat":{"offset":419,"frameCount":13},"scale":{"offset":484,"frameCount":1},"position":{"offset":488,"frameCount":1}},"character_bones/Bone/Bone.001/Bone.002":{"quat":{"offset":492,"frameCount":9},"scale":{"offset":537,"frameCount":1},"position":{"offset":541,"frameCount":1}},"character_bones/Bone/Bone.001/arm_up.L":{"quat":{"offset":545,"frameCount":9},"scale":{"offset":590,"frameCount":1},"position":{"offset":594,"frameCount":1}},"character_bones/Bone/Bone.001/arm_up.R":{"quat":{"offset":598,"frameCount":9},"scale":{"offset":643,"frameCount":1},"position":{"offset":647,"frameCount":1}},"character_bones/ik_target.L":{"position":{"offset":651,"frameCount":13},"quat":{"offset":703,"frameCount":12},"scale":{"offset":763,"frameCount":1}},"character_bones/ik_target.R":{"position":{"offset":767,"frameCount":11},"quat":{"offset":811,"frameCount":12},"scale":{"offset":871,"frameCount":1}},"Steve":{"quat":{"offset":875,"frameCount":1},"scale":{"offset":880,"frameCount":1},"position":{"offset":884,"frameCount":1}},"character_bones":{"quat":{"offset":888,"frameCount":1},"scale":{"offset":893,"frameCount":1},"position":{"offset":897,"frameCount":1}},"character_bones/Bone/Bone.001":{"quat":{"offset":901,"frameCount":1},"scale":{"offset":906,"frameCount":1},"position":{"offset":910,"frameCount":1}},"character_bones/Bone/Bone.001/arm_up.L/arm_down.L":{"quat":{"offset":914,"frameCount":1},"scale":{"offset":919,"frameCount":1},"position":{"offset":923,"frameCount":1}},"character_bones/Bone/Bone.001/arm_up.L/arm_down.L/weapon_hand.L":{"quat":{"offset":927,"frameCount":1},"scale":{"offset":932,"frameCount":1},"position":{"offset":936,"frameCount":1}},"character_bones/Bone/Bone.001/arm_up.R/arm_down.R":{"quat":{"offset":940,"frameCount":1},"scale":{"offset":945,"frameCount":1},"position":{"offset":949,"frameCount":1}},"character_bones/Bone/Bone.001/arm_up.R/arm_down.R/weapon_hand.R":{"quat":{"offset":953,"frameCount":1},"scale":{"offset":958,"frameCount":1},"position":{"offset":962,"frameCount":1}},"character_bones/Bone/Bone.001/arm_up.R/arm_down.R/weapon_hand.R/knife":{"quat":{"offset":966,"frameCount":1},"scale":{"offset":971,"frameCount":1},"position":{"offset":975,"frameCount":1}},"character_bones/Bone/Bone.001/arm_up.R/arm_down.R/weapon_hand.R/luoi_liem":{"quat":{"offset":979,"frameCount":1},"scale":{"offset":984,"frameCount":1},"position":{"offset":988,"frameCount":1}},"character_bones/Bone/Bone.001/arm_up.R/arm_down.R/weapon_hand.R/kiem_ngan":{"quat":{"offset":992,"frameCount":1},"scale":{"offset":997,"frameCount":1},"position":{"offset":1001,"frameCount":1}},"character_bones/ik_legPole.L":{"quat":{"offset":1005,"frameCount":1},"scale":{"offset":1010,"frameCount":1},"position":{"offset":1014,"frameCount":1}},"character_bones/ik_legPole.R":{"quat":{"offset":1018,"frameCount":1},"scale":{"offset":1023,"frameCount":1},"position":{"offset":1027,"frameCount":1}}}},{"__type__":"cc.Mesh","_native":".bin","_vertexBundles":[{"__type__":"cc.mesh.VertexBundle","data":{"__type__":"cc.BufferRange","length":960},"formats":[{"__type__":"cc.mesh.VertexFormat","name":"a_normal","type":5126,"num":3},{"__type__":"cc.mesh.VertexFormat","name":"a_position","type":5126,"num":3},{"__type__":"cc.mesh.VertexFormat","name":"a_uv0","type":5126,"num":2}],"verticesCount":30}],"_primitives":[{"__type__":"cc.mesh.Primitive","vertexBundleIndices":[0],"data":{"__type__":"cc.BufferRange","offset":960,"length":132}}],"_minPos":{"__type__":"cc.Vec3","x":-0.199999988079071,"y":-0.0499999970197678,"z":-0.199999988079071},"_maxPos":{"__type__":"cc.Vec3","x":0.199999988079071,"y":-0.0305301230400801,"z":0.199999988079071}},{"__type__":"cc.SkeletonAnimationClip","_name":"character_bones|assassin_idle","_native":".bin","_duration":2.5,"sample":30,"wrapMode":2,"description":{"character_bones/Bone":{"position":{"offset":0,"frameCount":9},"quat":{"offset":36,"frameCount":45},"scale":{"offset":261,"frameCount":1}},"character_bones/Bone/leg_up.L":{"quat":{"offset":265,"frameCount":61},"scale":{"offset":570,"frameCount":1},"position":{"offset":574,"frameCount":1}},"character_bones/Bone/leg_up.L/leg_down.L":{"quat":{"offset":578,"frameCount":60},"scale":{"offset":878,"frameCount":1},"position":{"offset":882,"frameCount":1}},"character_bones/Bone/leg_up.L/leg_down.L/foot.L":{"quat":{"offset":886,"frameCount":60},"scale":{"offset":1186,"frameCount":1},"position":{"offset":1190,"frameCount":1}},"character_bones/Bone/leg_up.R":{"quat":{"offset":1194,"frameCount":61},"scale":{"offset":1499,"frameCount":1},"position":{"offset":1503,"frameCount":1}},"character_bones/Bone/leg_up.R/leg_down.R":{"quat":{"offset":1507,"frameCount":60},"scale":{"offset":1807,"frameCount":1},"position":{"offset":1811,"frameCount":1}},"character_bones/Bone/leg_up.R/leg_down.R/foot.R":{"quat":{"offset":1815,"frameCount":61},"scale":{"offset":2120,"frameCount":1},"position":{"offset":2124,"frameCount":1}},"character_bones/Bone/Bone.001":{"quat":{"offset":2128,"frameCount":54},"scale":{"offset":2398,"frameCount":1},"position":{"offset":2402,"frameCount":1}},"character_bones/Bone/Bone.001/Bone.002":{"quat":{"offset":2406,"frameCount":42},"scale":{"offset":2616,"frameCount":1},"position":{"offset":2620,"frameCount":1}},"character_bones/Bone/Bone.001/arm_up.L":{"quat":{"offset":2624,"frameCount":55},"scale":{"offset":2899,"frameCount":1},"position":{"offset":2903,"frameCount":1}},"character_bones/Bone/Bone.001/arm_up.R/arm_down.R":{"quat":{"offset":2907,"frameCount":61},"scale":{"offset":3212,"frameCount":1},"position":{"offset":3216,"frameCount":1}},"Steve":{"quat":{"offset":3220,"frameCount":1},"scale":{"offset":3225,"frameCount":1},"position":{"offset":3229,"frameCount":1}},"character_bones":{"quat":{"offset":3233,"frameCount":1},"scale":{"offset":3238,"frameCount":1},"position":{"offset":3242,"frameCount":1}},"character_bones/Bone/Bone.001/arm_up.L/arm_down.L":{"quat":{"offset":3246,"frameCount":1},"scale":{"offset":3251,"frameCount":1},"position":{"offset":3255,"frameCount":1}},"character_bones/Bone/Bone.001/arm_up.L/arm_down.L/weapon_hand.L":{"quat":{"offset":3259,"frameCount":1},"scale":{"offset":3264,"frameCount":1},"position":{"offset":3268,"frameCount":1}},"character_bones/Bone/Bone.001/arm_up.R":{"quat":{"offset":3272,"frameCount":1},"scale":{"offset":3277,"frameCount":1},"position":{"offset":3281,"frameCount":1}},"character_bones/Bone/Bone.001/arm_up.R/arm_down.R/weapon_hand.R":{"quat":{"offset":3285,"frameCount":1},"scale":{"offset":3290,"frameCount":1},"position":{"offset":3294,"frameCount":1}},"character_bones/Bone/Bone.001/arm_up.R/arm_down.R/weapon_hand.R/knife":{"quat":{"offset":3298,"frameCount":1},"scale":{"offset":3303,"frameCount":1},"position":{"offset":3307,"frameCount":1}},"character_bones/Bone/Bone.001/arm_up.R/arm_down.R/weapon_hand.R/luoi_liem":{"quat":{"offset":3311,"frameCount":1},"scale":{"offset":3316,"frameCount":1},"position":{"offset":3320,"frameCount":1}},"character_bones/Bone/Bone.001/arm_up.R/arm_down.R/weapon_hand.R/kiem_ngan":{"quat":{"offset":3324,"frameCount":1},"scale":{"offset":3329,"frameCount":1},"position":{"offset":3333,"frameCount":1}},"character_bones/ik_legPole.L":{"quat":{"offset":3337,"frameCount":1},"scale":{"offset":3342,"frameCount":1},"position":{"offset":3346,"frameCount":1}},"character_bones/ik_target.L":{"quat":{"offset":3350,"frameCount":1},"scale":{"offset":3355,"frameCount":1},"position":{"offset":3359,"frameCount":1}},"character_bones/ik_legPole.R":{"quat":{"offset":3363,"frameCount":1},"scale":{"offset":3368,"frameCount":1},"position":{"offset":3372,"frameCount":1}},"character_bones/ik_target.R":{"quat":{"offset":3376,"frameCount":1},"scale":{"offset":3381,"frameCount":1},"position":{"offset":3385,"frameCount":1}}}},{"__type__":"cc.Model","_name":"hunter","_nodes":[{"name":"RootNode","scale":[1,1,1],"children":[1,2],"position":[0,0,0],"quat":[0,0,0,1],"path":""},{"name":"Steve","scale":[100,100,100],"mesh":0,"skin":0,"parent":null,"position":[0,0,0],"quat":[6.12323426292584e-17,1,6.12323426292584e-17,3.74939939305299e-33],"path":"Steve"},{"name":"character_bones","scale":[100,100,100],"children":[3,20,21,22,23],"parent":null,"position":[0,0,0],"quat":[-0.707106709480286,3.09086161109917e-8,-3.09086232164191e-8,0.707106828689575],"path":"character_bones"},{"name":"Bone","scale":[1,0.999999940395355,1],"children":[4,7,10],"parent":null,"position":[1.41005361586086e-25,0.000808548065833747,0.0073460373096168],"quat":[0.684252798557281,-0.178320288658142,-0.178320288658142,0.684252798557281],"path":"character_bones/Bone","uniqueBindPose":[-1,2.4492937051703357e-16,2.9995195144423884e-32,0,2.4492937051703357e-16,1,2.4492937051703357e-16,0,2.9995195144423884e-32,2.4492937051703357e-16,-1,0,-1.015856477770887e-18,-0.008295097388327122,-1.015856477770887e-18,1]},{"name":"leg_up.L","scale":[0.99999988079071,1.0000067949295,1.00007581710815],"children":[5],"parent":null,"position":[0.00135568506084383,-0.000464665878098458,0.0000263083256868413],"quat":[0.248326763510704,0.33223083615303,0.897850453853607,-0.147719532251358],"path":"character_bones/Bone/leg_up.L","uniqueBindPose":[1,8.888314084742888e-8,-1.9097278425306285e-7,0,9.678751666797325e-8,-0.9991260170936584,0.04179440811276436,0,-1.8709621940615762e-7,-0.041795551776885986,-0.999098539352417,0,0.0013556842459365726,0.007822489365935326,-0.0003535530704539269,1]},{"name":"leg_down.L","scale":[0.999999761581421,0.999963581562042,1.00002300739288],"children":[6],"parent":null,"position":[1.86264510759759e-11,0.00335288466885686,-8.61473392621548e-11],"quat":[-0.443090319633484,1.47520680116031e-7,4.57112122376202e-7,0.896476984024048],"path":"character_bones/Bone/leg_up.L/leg_down.L","uniqueBindPose":[1,-1.4408238491192549e-11,1.5111797324607323e-7,0,6.4934462251642344e-9,-0.9990720748901367,-0.043062303215265274,0,1.5098251537892793e-7,0.0430634580552578,-0.9990451335906982,0,0.0013556848280131817,0.00448348606005311,0.000026654770408640616,1]},{"name":"foot.L","scale":[1.00000107288361,1.00000083446503,1.00002551078796],"parent":null,"position":[-1.02445482652591e-10,0.00325416494160891,-5.58793532279278e-11],"quat":[-0.0110470922663808,0.888068079948425,0.459241032600403,0.0176275353878736],"path":"character_bones/Bone/leg_up.L/leg_down.L/foot.L","uniqueBindPose":[-1,8.346238977718912e-11,-9.192983874140026e-11,0,4.49151956946614e-12,-0.7155751585960388,-0.6985161900520325,0,-1.2408596372637248e-10,-0.6985191702842712,0.7155721187591553,0,-0.0013556848280131817,0.0008613000391051173,0.0008775313617661595,1]},{"name":"leg_up.R","scale":[1.00000023841858,1.00000929832458,1.00007319450378],"children":[8],"parent":null,"position":[-0.00135568506084383,-0.000464665878098458,0.0000263084093603538],"quat":[0.228262558579445,0.252873569726944,0.940185070037842,0.0017896267818287],"path":"character_bones/Bone/leg_up.R","uniqueBindPose":[1,-8.888314084742888e-8,1.9097278425306285e-7,0,-9.678751666797325e-8,-0.9991260170936584,0.04179440811276436,0,1.8709621940615762e-7,-0.041795551776885986,-0.999098539352417,0,-0.0013556842459365726,0.007822489365935326,-0.0003535530704539269,1]},{"name":"leg_down.R","scale":[1,0.999957501888275,1.00002789497375],"children":[9],"parent":null,"position":[-6.98491915349098e-12,0.003352883271873,-8.09086478370524e-11],"quat":[-0.496059894561768,-1.49160214846233e-7,-5.43283192655508e-7,0.868288338184357],"path":"character_bones/Bone/leg_up.R/leg_down.R","uniqueBindPose":[1,1.4408238491192549e-11,-1.5111797324607323e-7,0,-6.4934462251642344e-9,-0.9990720748901367,-0.043062303215265274,0,-1.5098251537892793e-7,0.0430634580552578,-0.9990451335906982,0,-0.0013556848280131817,0.00448348606005311,0.000026654770408640616,1]},{"name":"foot.R","scale":[1.00000369548798,0.999983668327332,1.00004017353058],"parent":null,"position":[-3.35276112428673e-10,0.00325416517443955,-2.79396755731298e-10],"quat":[-0.0645721480250359,0.780816972255707,0.617132544517517,-0.0728199854493141],"path":"character_bones/Bone/leg_up.R/leg_down.R/foot.R","uniqueBindPose":[-1,-8.346238977718912e-11,9.192983874140026e-11,0,-4.49151956946614e-12,-0.7155751585960388,-0.6985161900520325,0,1.2408596372637248e-10,-0.6985191702842712,0.7155721187591553,0,0.0013556848280131817,0.0008613000391051173,0.0008775313617661595,1]},{"name":"Bone.001","scale":[1,1,1],"children":[11,12,15],"parent":null,"position":[9.33275678960399e-12,0.00389195489697158,-5.21877766695988e-12],"quat":[1.32348898008484e-23,0,-1.98523347012727e-23,1],"path":"character_bones/Bone/Bone.001","uniqueBindPose":[-1,2.4492937051703357e-16,2.9995195144423884e-32,0,2.4492937051703357e-16,1,2.4492937051703357e-16,0,2.9995195144423884e-32,2.4492937051703357e-16,-1,0,-1.4924834267954998e-18,-0.012187051586806774,-1.4924834267954998e-18,1]},{"name":"Bone.002","scale":[0.999999940395355,1,0.999999940395355],"parent":null,"position":[9.33275678960399e-12,0.00389577262103558,-5.21877766695988e-12],"quat":[1.55112126294579e-23,0.238882958889008,-7.64913218062946e-24,0.971048355102539],"path":"character_bones/Bone/Bone.001/Bone.002","uniqueBindPose":[-1,2.4492937051703357e-16,2.9995195144423884e-32,0,2.4492937051703357e-16,1,2.4492937051703357e-16,0,2.9995195144423884e-32,2.4492937051703357e-16,-1,0,-1.9695778362637815e-18,-0.016082823276519775,-1.9695778362637815e-18,1]},{"name":"arm_up.L","scale":[1,1,0.999999940395355],"children":[13],"parent":null,"position":[0.00395732140168548,0.00256051169708371,-0.0000546484443475492],"quat":[-0.223917067050934,0.150636181235313,0.946223556995392,0.178412020206451],"path":"character_bones/Bone/Bone.001/arm_up.L","uniqueBindPose":[1,2.449450670963374e-16,-3.1204965011966124e-7,0,2.4492931757747437e-16,-1,-5.042700876008513e-14,0,-3.1204965011966124e-7,5.042700876008513e-14,-1,0,0.004018263891339302,0.01551718171685934,-0.000054337739129550755,1]},{"name":"arm_down.L","scale":[1,1,1],"children":[14],"parent":null,"position":[7.45058043039037e-11,0.00370091409422457,-1.11758706455856e-10],"quat":[0.344044953584671,2.00358400093137e-7,-6.57115961644195e-8,0.938953161239624],"path":"character_bones/Bone/Bone.001/arm_up.L/arm_down.L","uniqueBindPose":[1,1.8491650613962287e-23,1.509957741063772e-7,0,-1.8491650613962287e-23,-1,2.4492937051703357e-16,0,1.509957741063772e-7,-2.4492937051703357e-16,-1,0,0.004018263891339302,0.011816268786787987,-0.00005433588012238033,1]},{"name":"weapon_hand.L","scale":[1,1,1],"parent":null,"position":[-4.09781930610364e-10,0.00313903926871717,9.31322519104327e-11],"quat":[0.707106828689575,-4.21468513422951e-8,3.95126775742938e-8,0.707106709480286],"path":"character_bones/Bone/Bone.001/arm_up.L/arm_down.L/weapon_hand.L","uniqueBindPose":[1,5.910676922522078e-42,0,0,0,2.2709780020044312e-14,1,0,5.910676922522078e-42,-1,2.2709780020044312e-14,0,0.004018263891339302,-0.000054336487664841115,-0.008677229285240173,1]},{"name":"arm_up.R","scale":[0.999999821186066,1.00000011920929,1],"children":[16],"parent":null,"position":[-0.0039047219324857,0.00330611946992576,0.000257380976108834],"quat":[0.286146283149719,0.0191939938813448,0.957631409168243,-0.0263424571603537],"path":"character_bones/Bone/Bone.001/arm_up.R","uniqueBindPose":[1,-1.5697517959931045e-20,3.1204965011966124e-7,0,3.821506019977287e-23,-1,-5.042700876008513e-14,0,3.1204965011966124e-7,5.042700876008513e-14,-1,0,-0.004018263891339302,0.01551718171685934,-0.000054337739129550755,1]},{"name":"arm_down.R","scale":[1,1,1],"children":[17],"parent":null,"position":[2.23517412911711e-10,0.00370091409422457,-3.72529021519519e-11],"quat":[0.531642079353333,-0.117879085242748,0.0301605705171824,0.838183522224426],"path":"character_bones/Bone/Bone.001/arm_up.R/arm_down.R","uniqueBindPose":[1,-2.4492937051703357e-16,-1.509957741063772e-7,0,-2.4492934404725397e-16,-1,2.4492939698681317e-16,0,-1.509957741063772e-7,-2.4492937051703357e-16,-1,0,-0.004018263891339302,0.011816268786787987,-0.00005433588012238033,1]},{"name":"weapon_hand.R","scale":[1,1.00000011920929,1],"children":[18,19],"parent":null,"position":[-1.39698377865649e-10,0.00313903973437846,7.07805147825979e-10],"quat":[0.702822327613831,-0.0777225196361542,-0.0777226090431213,0.702822268009186],"path":"character_bones/Bone/Bone.001/arm_up.R/arm_down.R/weapon_hand.R","uniqueBindPose":[1,5.5322973359868275e-30,2.4492937051703357e-16,0,-2.4492937051703357e-16,2.2709780020044312e-14,1,0,-2.9995195144423884e-32,-1,2.2709780020044312e-14,0,-0.004018263891339302,-0.000054336487664841115,-0.008677229285240173,1]},{"name":"cannon","scale":[1,1.00000011920929,1.00000011920929],"mesh":1,"parent":null,"position":[-0.00020021184172947,0.00193146103993058,-0.0019508465193212],"quat":[-0.641997814178467,0.650730967521667,0.357190757989883,0.191840440034866],"path":"character_bones/Bone/Bone.001/arm_up.R/arm_down.R/weapon_hand.R/cannon"},{"name":"shotgun","scale":[1,1.00000011920929,1.00000011920929],"mesh":2,"parent":null,"position":[-0.00020021184172947,0.00193146103993058,-0.0019508465193212],"quat":[-0.641997814178467,0.650730967521667,0.357190757989883,0.191840440034866],"path":"character_bones/Bone/Bone.001/arm_up.R/arm_down.R/weapon_hand.R/shotgun"},{"name":"ik_legPole.L","scale":[1,1,1],"parent":null,"position":[0.00214265333488584,-0.0114283785223961,0.00512510119006038],"quat":[1.19209289550781e-7,5.21080354294037e-15,1,-4.37113882867379e-8],"path":"character_bones/ik_legPole.L","uniqueBindPose":[1,-3.834062792322233e-23,-2.384185791015625e-7,0,2.384185791015625e-7,2.832769343193999e-16,1,0,2.919785624945564e-23,-1,2.832769343193999e-16,0,0.0013556836638599634,-0.011428378522396088,-0.005125101655721664,1]},{"name":"ik_target.L","scale":[0.999999940395355,0.999999701976776,1],"parent":null,"position":[0.00185370107647032,-0.00151006714440882,0.00122932880185544],"quat":[-0.0777172595262527,0.996975421905518,5.86748738484744e-9,7.52695541450521e-8],"path":"character_bones/ik_target.L","uniqueBindPose":[1,2.428198116614952e-23,-1.509957741063772e-7,0,-1.509957741063772e-7,3.834759358086838e-17,-1,0,-1.8491652191684098e-23,1.0000003576278687,3.834758696342348e-17,0,0.0013556849444285035,0.00002630830385896843,0.0012293285690248013,1]},{"name":"ik_legPole.R","scale":[1,1,1],"parent":null,"position":[-0.00223009428009391,-0.0114283785223961,0.00512510119006038],"quat":[-1.19209289550781e-7,-5.21080354294037e-15,1,-4.37113882867379e-8],"path":"character_bones/ik_legPole.R","uniqueBindPose":[1,3.834062792322233e-23,2.384185791015625e-7,0,-2.384185791015625e-7,2.832769343193999e-16,1,0,-2.919785624945564e-23,-1,2.832769343193999e-16,0,-0.0013556836638599634,-0.011428378522396088,-0.005125101655721664,1]},{"name":"ik_target.R","scale":[0.999999940395355,0.999999701976776,0.999999940395355],"parent":null,"position":[-0.0018718441715464,0.0015598334139213,0.00118560832925141],"quat":[0.0577824637293816,0.995184421539307,-0.0165310315787792,0.0774330869317055],"path":"character_bones/ik_target.R","uniqueBindPose":[1,-2.428198116614952e-23,1.509957741063772e-7,0,1.509957741063772e-7,3.834759358086838e-17,-1,0,1.8491652191684098e-23,1.0000003576278687,3.834758696342348e-17,0,-0.0013556849444285035,0.00002630830385896843,0.0012293285690248013,1]}]},{"__type__":"cc.Mesh","_native":".bin","_vertexBundles":[{"__type__":"cc.mesh.VertexBundle","data":{"__type__":"cc.BufferRange","length":17856},"formats":[{"__type__":"cc.mesh.VertexFormat","name":"a_normal","type":5126,"num":3},{"__type__":"cc.mesh.VertexFormat","name":"a_position","type":5126,"num":3},{"__type__":"cc.mesh.VertexFormat","name":"a_uv0","type":5126,"num":2}],"verticesCount":558}],"_primitives":[{"__type__":"cc.mesh.Primitive","vertexBundleIndices":[0],"data":{"__type__":"cc.BufferRange","offset":17856,"length":3084}}],"_minPos":{"__type__":"cc.Vec3","x":-0.0124506307765841,"y":9.99999993922529e-9,"z":-0.0104128997772932},"_maxPos":{"__type__":"cc.Vec3","x":0.0120904101058841,"y":0.00148160988464952,"z":0.0158603992313147}},{"__type__":"cc.Material","_name":"Hulk","_effectAsset":{"__uuid__":"abwstieFJFJakN1HRIe4jy"},"_techniqueData":{"0":{"defines":{"USE_DIFFUSE_TEXTURE":true,"USE_EMISSIVE":true,"USE_EMISSIVE_TEXTURE":true},"props":{"emissiveColor":{"__type__":"cc.Color","r":209,"g":209,"b":209},"diffuseTexture":{"__uuid__":"15Tf+f86BJFZHn4iUHfcc8"},"emissiveTexture":{"__uuid__":"15Tf+f86BJFZHn4iUHfcc8"}}}}},{"__type__":"cc.Model","_name":"assassin","_nodes":[{"name":"RootNode","scale":[1,1,1],"children":[1,2],"position":[0,0,0],"quat":[0,0,0,1],"path":""},{"name":"Steve","scale":[100,100,100],"mesh":0,"skin":0,"parent":null,"position":[0,0,0],"quat":[6.12323426292584e-17,1,6.12323426292584e-17,3.74939939305299e-33],"path":"Steve"},{"name":"character_bones","scale":[100,100,100],"children":[3,21,22,23,24],"parent":null,"position":[0,0,0],"quat":[-0.707106709480286,3.09086161109917e-8,-3.09086232164191e-8,0.707106828689575],"path":"character_bones"},{"name":"Bone","scale":[1,0.999999940395355,1],"children":[4,7,10],"parent":null,"position":[8.65646961731753e-27,0.000808548065833747,0.00743388570845127],"quat":[0.705123007297516,-0.191786244511604,-0.20798622071743,0.650200963020325],"path":"character_bones/Bone","uniqueBindPose":[-1,2.4492937051703357e-16,2.9995195144423884e-32,0,2.4492937051703357e-16,1,2.4492937051703357e-16,0,2.9995195144423884e-32,2.4492937051703357e-16,-1,0,-1.015856477770887e-18,-0.008295097388327122,-1.015856477770887e-18,1]},{"name":"leg_up.L","scale":[0.999999821186066,1.00000357627869,1.00007891654968],"children":[5],"parent":null,"position":[0.00135568506084383,-0.000464666809421033,0.0000263083584286505],"quat":[0.276223689317703,0.368194937705994,0.871483623981476,-0.169260755181313],"path":"character_bones/Bone/leg_up.L","uniqueBindPose":[1,8.888314084742888e-8,-1.9097278425306285e-7,0,9.678751666797325e-8,-0.9991260170936584,0.04179440811276436,0,-1.8709621940615762e-7,-0.041795551776885986,-0.999098539352417,0,0.0013556842459365726,0.007822489365935326,-0.0003535530704539269,1]},{"name":"leg_down.L","scale":[1,0.999976098537445,1.00001561641693],"children":[6],"parent":null,"position":[-1.49011608607807e-10,0.00335288583301008,-1.14087010671948e-10],"quat":[-0.354265451431274,1.72354944538711e-7,3.66594179013191e-7,0.935144901275635],"path":"character_bones/Bone/leg_up.L/leg_down.L","uniqueBindPose":[1,-1.441380001465653e-11,1.511180300894921e-7,0,6.493443560628975e-9,-0.9990720748901367,-0.043062303215265274,0,1.509825722223468e-7,0.0430634580552578,-0.9990451335906982,0,0.0013556848280131817,0.00448348606005311,0.000026654770408640616,1]},{"name":"foot.L","scale":[1.00000095367432,1.00001442432404,1.00001168251038],"parent":null,"position":[-1.86264510759759e-11,0.00325416517443955,2.44472164734333e-10],"quat":[-0.0130871292203665,0.930266678333282,0.366384834051132,0.0139559749513865],"path":"character_bones/Bone/leg_up.L/leg_down.L/foot.L","uniqueBindPose":[-1,8.344754748312866e-11,-9.198682787703305e-11,0,4.54194624618931e-12,-0.7155751585960388,-0.6985161900520325,0,-1.241163699594594e-10,-0.6985191702842712,0.7155721187591553,0,-0.0013556848280131817,0.0008613000391051173,0.0008775313617661595,1]},{"name":"leg_up.R","scale":[0.999999940395355,1.00000536441803,1.00007712841034],"children":[8],"parent":null,"position":[-0.0013556849444285,-0.000464667216874659,0.0000263081856246572],"quat":[0.253106027841568,0.141680166125298,0.956503808498383,0.0310563929378986],"path":"character_bones/Bone/leg_up.R","uniqueBindPose":[1,-8.888314084742888e-8,1.9097278425306285e-7,0,-9.678751666797325e-8,-0.9991260170936584,0.04179440811276436,0,1.8709621940615762e-7,-0.041795551776885986,-0.999098539352417,0,-0.0013556842459365726,0.007822489365935326,-0.0003535530704539269,1]},{"name":"leg_down.R","scale":[1.00000047683716,0.999970197677612,1.00002026557922],"children":[9],"parent":null,"position":[3.21306287132117e-10,0.00335288466885686,-2.9336660878343e-10],"quat":[-0.400766462087631,-1.40281571248124e-7,-3.87303288107432e-7,0.91618025302887],"path":"character_bones/Bone/leg_up.R/leg_down.R","uniqueBindPose":[1,1.441380001465653e-11,-1.511180300894921e-7,0,-6.493443560628975e-9,-0.9990720748901367,-0.043062303215265274,0,-1.509825722223468e-7,0.0430634580552578,-0.9990451335906982,0,-0.0013556848280131817,0.00448348606005311,0.000026654770408640616,1]},{"name":"foot.R","scale":[1.00000393390656,0.999978423118591,1.00004470348358],"parent":null,"position":[-2.77555749952435e-19,0.00325416494160891,-1.49011608607807e-10],"quat":[-0.0771872997283936,0.746834456920624,0.656732439994812,-0.0705894306302071],"path":"character_bones/Bone/leg_up.R/leg_down.R/foot.R","uniqueBindPose":[-1,-8.344754748312866e-11,9.198682787703305e-11,0,-4.54194624618931e-12,-0.7155751585960388,-0.6985161900520325,0,1.241163699594594e-10,-0.6985191702842712,0.7155721187591553,0,0.0013556848280131817,0.0008613000391051173,0.0008775313617661595,1]},{"name":"Bone.001","scale":[0.999999940395355,0.99999988079071,0.999999940395355],"children":[11,12,15],"parent":null,"position":[-8.44378213182839e-12,0.00389195303432643,3.06734082577975e-11],"quat":[0.00638279411941767,-0.144875898957253,0.00987824331969023,0.989379942417145],"path":"character_bones/Bone/Bone.001","uniqueBindPose":[-1,2.4492937051703357e-16,2.9995195144423884e-32,0,2.4492937051703357e-16,1,2.4492937051703357e-16,0,2.9995195144423884e-32,2.4492937051703357e-16,-1,0,-1.4924834267954998e-18,-0.012187051586806774,-1.4924834267954998e-18,1]},{"name":"Bone.002","scale":[1,0.999999940395355,0.999999940395355],"parent":null,"position":[3.72529021519519e-11,0.00389577238820493,7.45058043039037e-11],"quat":[-0.0346822291612625,0.271795094013214,0.00732141546905041,0.961702108383179],"path":"character_bones/Bone/Bone.001/Bone.002","uniqueBindPose":[-1,2.4492937051703357e-16,2.9995195144423884e-32,0,2.4492937051703357e-16,1,2.4492937051703357e-16,0,2.9995195144423884e-32,2.4492937051703357e-16,-1,0,-1.9695778362637815e-18,-0.016082823276519775,-1.9695778362637815e-18,1]},{"name":"arm_up.L","scale":[0.999999940395355,0.999999940395355,0.999999761581421],"children":[13],"parent":null,"position":[0.0040182638913393,0.00333013059571385,0.0000543354435649235],"quat":[-0.0865913257002831,0.566078722476959,0.786890804767609,-0.229912281036377],"path":"character_bones/Bone/Bone.001/arm_up.L","uniqueBindPose":[1,8.591855956238325e-22,-7.363111365066288e-8,0,-9.017210261204473e-24,-1,-1.1791249197195576e-14,0,-7.363111365066288e-8,1.1791249197195576e-14,-1,0,0.004018263891339302,0.01551718171685934,-0.0000543367859791033,1]},{"name":"arm_down.L","scale":[0.999999940395355,0.999999940395355,0.999999940395355],"children":[14],"parent":null,"position":[-2.23517412911711e-10,0.00370091246441007,1.0523945048746e-9],"quat":[0.102243021130562,0.00318206287920475,-0.0458832755684853,0.993695616722107],"path":"character_bones/Bone/Bone.001/arm_up.L/arm_down.L","uniqueBindPose":[1,1.8491652191684098e-23,1.5099580252808664e-7,0,-1.8491652191684098e-23,-1,2.4492937051703357e-16,0,1.5099580252808664e-7,-2.4492937051703357e-16,-1,0,0.004018263891339302,0.011816268786787987,-0.00005433588012238033,1]},{"name":"weapon_hand.L","scale":[0.999999940395355,1,1],"parent":null,"position":[5.21540644005114e-10,0.00313903950154781,-1.19209286886246e-9],"quat":[0.707106828689575,-5.00493904098676e-8,4.74152166418662e-8,0.707106709480286],"path":"character_bones/Bone/Bone.001/arm_up.L/arm_down.L/weapon_hand.L","uniqueBindPose":[1,5.5421354264046515e-42,0,0,0,2.2709780020044312e-14,1,0,5.540734127940327e-42,-1,2.2709780020044312e-14,0,0.004018263891339302,-0.000054336487664841115,-0.008677229285240173,1]},{"name":"arm_up.R","scale":[0.999999940395355,1.00000011920929,1.00000011920929],"children":[16],"parent":null,"position":[-0.00401826296001673,0.00333012966439128,0.0000543355927220546],"quat":[0.403351277112961,0.389013141393661,0.791726589202881,0.24319863319397],"path":"character_bones/Bone/Bone.001/arm_up.R","uniqueBindPose":[1,2.449284970143067e-16,7.363111365066288e-8,0,2.4492937051703357e-16,-1,-1.1791249197195576e-14,0,7.363111365066288e-8,1.1791249197195576e-14,-1,0,-0.004018263891339302,0.01551718171685934,-0.0000543367859791033,1]},{"name":"arm_down.R","scale":[0.999999940395355,0.999999940395355,1.00000023841858],"children":[17],"parent":null,"position":[-5.68106783838118e-10,0.00370091246441007,0],"quat":[0.525341928005219,-0.0372229740023613,0.188551425933838,0.828902065753937],"path":"character_bones/Bone/Bone.001/arm_up.R/arm_down.R","uniqueBindPose":[1,-2.4492937051703357e-16,-1.5099580252808664e-7,0,-2.4492934404725397e-16,-1,2.4492939698681317e-16,0,-1.5099580252808664e-7,-2.4492937051703357e-16,-1,0,-0.004018263891339302,0.011816268786787987,-0.00005433588012238033,1]},{"name":"weapon_hand.R","scale":[0.999999940395355,0.99999988079071,0.99999988079071],"children":[18,19,20],"parent":null,"position":[1.34110444971469e-9,0.00313903857022524,8.00937371980837e-10],"quat":[0.707106828689575,2.14026965039693e-8,-5.95982960760466e-8,0.707106709480286],"path":"character_bones/Bone/Bone.001/arm_up.R/arm_down.R/weapon_hand.R","uniqueBindPose":[1,5.5322973359868275e-30,2.4492937051703357e-16,0,-2.4492937051703357e-16,2.2709780020044312e-14,1,0,-2.9995195144423884e-32,-1,2.2709780020044312e-14,0,-0.004018263891339302,-0.000054336487664841115,-0.008677229285240173,1]},{"name":"knife","scale":[0.999999821186066,0.99999988079071,0.999999761581421],"mesh":1,"parent":null,"position":[-0.0105271097272635,-0.00706977490335703,-0.00176281749736518],"quat":[0.0500492639839649,-0.131448164582253,-0.304236859083176,0.942155182361603],"path":"character_bones/Bone/Bone.001/arm_up.R/arm_down.R/weapon_hand.R/knife"},{"name":"luoi_liem","scale":[0.999999821186066,0.99999988079071,0.999999761581421],"mesh":2,"parent":null,"position":[-0.0105271097272635,-0.00706977490335703,-0.00176281749736518],"quat":[0.0500492639839649,-0.131448164582253,-0.304236859083176,0.942155182361603],"path":"character_bones/Bone/Bone.001/arm_up.R/arm_down.R/weapon_hand.R/luoi_liem"},{"name":"kiem_ngan","scale":[0.999999821186066,0.99999988079071,0.999999761581421],"mesh":3,"parent":null,"position":[-0.0105271097272635,-0.00706977490335703,-0.00176281749736518],"quat":[0.0500492639839649,-0.131448164582253,-0.304236859083176,0.942155182361603],"path":"character_bones/Bone/Bone.001/arm_up.R/arm_down.R/weapon_hand.R/kiem_ngan"},{"name":"ik_legPole.L","scale":[1,1,1],"parent":null,"position":[0.00214265333488584,-0.0114283785223961,0.00512510119006038],"quat":[1.19209289550781e-7,5.21080354294037e-15,1,-4.37113882867379e-8],"path":"character_bones/ik_legPole.L","uniqueBindPose":[1,-3.834062792322233e-23,-2.384185791015625e-7,0,2.384185791015625e-7,2.832769343193999e-16,1,0,2.919785624945564e-23,-1,2.832769343193999e-16,0,0.0013556836638599634,-0.011428378522396088,-0.005125101655721664,1]},{"name":"ik_target.L","scale":[0.999999940395355,0.999999701976776,1],"parent":null,"position":[0.00185370107647032,-0.00222859042696655,0.00122932880185544],"quat":[-0.0777172595262527,0.996975421905518,5.86748738484744e-9,7.52695541450521e-8],"path":"character_bones/ik_target.L","uniqueBindPose":[1,2.428198116614952e-23,-1.509957741063772e-7,0,-1.509957741063772e-7,3.834759358086838e-17,-1,0,-1.8491652191684098e-23,1.0000003576278687,3.834758696342348e-17,0,0.0013556849444285035,0.00002630830385896843,0.0012293285690248013,1]},{"name":"ik_legPole.R","scale":[1,1,1],"parent":null,"position":[-0.00223009428009391,-0.0114283785223961,0.00512510119006038],"quat":[-1.19209289550781e-7,-5.21080354294037e-15,1,-4.37113882867379e-8],"path":"character_bones/ik_legPole.R","uniqueBindPose":[1,3.834062792322233e-23,2.384185791015625e-7,0,-2.384185791015625e-7,2.832769343193999e-16,1,0,-2.919785624945564e-23,-1,2.832769343193999e-16,0,-0.0013556836638599634,-0.011428378522396088,-0.005125101655721664,1]},{"name":"ik_target.R","scale":[0.999999940395355,0.999999701976776,0.999999940395355],"parent":null,"position":[-0.0018718441715464,0.0029669210780412,0.00118560832925141],"quat":[0.0577824637293816,0.995184421539307,-0.0165310315787792,0.0774330869317055],"path":"character_bones/ik_target.R","uniqueBindPose":[1,-2.428198116614952e-23,1.509957741063772e-7,0,1.509957741063772e-7,3.834759358086838e-17,-1,0,1.8491652191684098e-23,1.0000003576278687,3.834758696342348e-17,0,-0.0013556849444285035,0.00002630830385896843,0.0012293285690248013,1]}]},{"__type__":"cc.Mesh","_native":".bin","_vertexBundles":[{"__type__":"cc.mesh.VertexBundle","data":{"__type__":"cc.BufferRange","length":14496},"formats":[{"__type__":"cc.mesh.VertexFormat","name":"a_normal","type":5126,"num":3},{"__type__":"cc.mesh.VertexFormat","name":"a_position","type":5126,"num":3},{"__type__":"cc.mesh.VertexFormat","name":"a_uv0","type":5126,"num":2}],"verticesCount":453}],"_primitives":[{"__type__":"cc.mesh.Primitive","vertexBundleIndices":[0],"data":{"__type__":"cc.BufferRange","offset":14496,"length":1464}}],"_minPos":{"__type__":"cc.Vec3","x":-0.199999988079071,"y":-0.0499999970197678,"z":-0.199999988079071},"_maxPos":{"__type__":"cc.Vec3","x":0.200041443109512,"y":0.00999999977648258,"z":0.199999988079071}},{"__type__":"cc.Skeleton","_model":{"__uuid__":"16Z3JSj8hMSp264GJeWCeV"},"_jointIndices":[3,4,5,6,7,8,9,10,11,12,13,14,15,16,17,20,21,22,23],"_skinIndex":0},{"__type__":"cc.SpriteFrame","content":{"name":"BadMan","texture":"c4BeccbVdFDrrH6zEOtSqM","rect":[0,0,159,29],"offset":[0,0],"originalSize":[159,29],"capInsets":[0,0,0,0]}},{"__type__":"cc.SpriteFrame","content":{"name":"Health","texture":"6fWbggqgBPF7EP5ynLQA2M","rect":[0,0,10,10],"offset":[0,0],"originalSize":[10,10],"capInsets":[0,0,0,0]}},{"__type__":"cc.Material","_effectAsset":{"__uuid__":"abwstieFJFJakN1HRIe4jy"},"_techniqueData":{"0":{"props":{"diffuseColor":{"__type__":"cc.Color","r":255,"g":255,"b":255}},"defines":{}}}},{"__type__":"cc.Mesh","_native":".bin","_vertexBundles":[{"__type__":"cc.mesh.VertexBundle","data":{"__type__":"cc.BufferRange","length":24512},"formats":[{"__type__":"cc.mesh.VertexFormat","name":"a_normal","type":5126,"num":3},{"__type__":"cc.mesh.VertexFormat","name":"a_position","type":5126,"num":3},{"__type__":"cc.mesh.VertexFormat","name":"a_uv0","type":5126,"num":2}],"verticesCount":766}],"_primitives":[{"__type__":"cc.mesh.Primitive","vertexBundleIndices":[0],"data":{"__type__":"cc.BufferRange","offset":24512,"length":2304}}],"_minPos":{"__type__":"cc.Vec3","x":-0.00432023964822292,"y":-0.000666743784677237,"z":-0.00504139950498939},"_maxPos":{"__type__":"cc.Vec3","x":0.00501416623592377,"y":0.000666743784677237,"z":0.0056265015155077}},{"__type__":"cc.Material","_effectAsset":{"__uuid__":"abwstieFJFJakN1HRIe4jy"},"_techniqueData":{"0":{"props":{"diffuseColor":{"__type__":"cc.Color","r":40,"g":40,"b":40},"emissiveColor":{"__type__":"cc.Color","r":193,"g":193,"b":193},"diffuseTexture":{"__uuid__":"8c1WUcM51GEZ9IBFKbSg3z"},"emissiveTexture":{"__uuid__":"8c1WUcM51GEZ9IBFKbSg3z"}},"defines":{"USE_DIFFUSE_TEXTURE":true,"USE_EMISSIVE":true,"USE_EMISSIVE_TEXTURE":true}}}},{"__type__":"cc.SpriteFrame","content":{"name":"appstore","texture":"28mIxFgj1Hd5CjXYAfvWHS","rect":[0,0,150,45],"offset":[0,0],"originalSize":[150,45],"capInsets":[0,0,0,0]}},{"__type__":"cc.Material","_name":"Deadpool","_effectAsset":{"__uuid__":"abwstieFJFJakN1HRIe4jy"},"_techniqueData":{"0":{"defines":{"USE_DIFFUSE_TEXTURE":true,"USE_EMISSIVE":true,"USE_EMISSIVE_TEXTURE":true},"props":{"emissiveColor":{"__type__":"cc.Color","r":209,"g":209,"b":209},"diffuseTexture":{"__uuid__":"beBvJkwihPwJtIrcrKMO7f"},"emissiveTexture":{"__uuid__":"beBvJkwihPwJtIrcrKMO7f"}}}}},{"__type__":"cc.Material","_effectAsset":{"__uuid__":"abwstieFJFJakN1HRIe4jy"},"_techniqueData":{"0":{"props":{"diffuseColor":{"__type__":"cc.Color","r":255,"g":255,"b":255}},"defines":{}}}},{"__type__":"cc.AudioClip","_name":"Scream-decrease_more","_native":".mp3"},{"__type__":"cc.Material","_effectAsset":{"__uuid__":"abwstieFJFJakN1HRIe4jy"},"_techniqueData":{"0":{"props":{"diffuseColor":{"__type__":"cc.Color","r":255,"g":255,"b":255}},"defines":{}}}},{"__type__":"cc.AnimationClip","_name":"ChooseEndGame","_duration":3,"speed":0.6,"wrapMode":2,"curveData":{"paths":{"Hand":{"props":{"position":[{"frame":0,"value":[-54.839,-6.855,0]},{"frame":0.16666666666666666,"value":[-54.839,-6.855,0]},{"frame":0.4166666666666667,"value":[-54.839,133,0]},{"frame":0.6833333333333333,"value":[-54.839,-6.855,0]},{"frame":1,"value":[162,-6.855,0]},{"frame":1.1666666666666667,"value":[162,-6.855,0]},{"frame":1.4166666666666667,"value":[162,133,0]},{"frame":1.6666666666666667,"value":[162,-6.855,0]},{"frame":2,"value":[63.274,-287.703,0]},{"frame":2.1666666666666665,"value":[63.274,-287.703,0]},{"frame":2.4166666666666665,"value":[63.274,-186.382,0]},{"frame":2.6666666666666665,"value":[63.274,-287.703,0]},{"frame":3,"value":[-54.877,-7.797,0]}],"opacity":[{"frame":0,"value":0},{"frame":0.16666666666666666,"value":255},{"frame":0.4166666666666667,"value":255},{"frame":0.6833333333333333,"value":0},{"frame":1,"value":0},{"frame":1.1666666666666667,"value":255},{"frame":1.4166666666666667,"value":255},{"frame":1.6666666666666667,"value":0},{"frame":2,"value":0},{"frame":2.1666666666666665,"value":255},{"frame":2.4166666666666665,"value":255},{"frame":2.6666666666666665,"value":0},{"frame":3,"value":0}]}},"nCharacter1":{"props":{"scale":[{"frame":0.16666666666666666,"value":{"__type__":"cc.Vec2","x":1,"y":1}},{"frame":0.4166666666666667,"value":{"__type__":"cc.Vec2","x":1.1,"y":1.1}},{"frame":0.6833333333333333,"value":{"__type__":"cc.Vec2","x":1,"y":1}}]}},"nCharacter2":{"props":{"scale":[{"frame":1.1666666666666667,"value":{"__type__":"cc.Vec2","x":1,"y":1}},{"frame":1.4166666666666667,"value":{"__type__":"cc.Vec2","x":1.1,"y":1.1}},{"frame":1.6666666666666667,"value":{"__type__":"cc.Vec2","x":1,"y":1}}]}},"nCharacter3":{"props":{"scale":[{"frame":2.1666666666666665,"value":{"__type__":"cc.Vec3","x":1,"y":1,"z":1}},{"frame":2.4166666666666665,"value":{"__type__":"cc.Vec2","x":1.1,"y":1.1}},{"frame":2.6666666666666665,"value":{"__type__":"cc.Vec2","x":1,"y":1}}]}}}}},{"__type__":"cc.SpriteFrame","content":{"name":"TamDan","texture":"b0dUf+i7BGFqMX6M/HaVSA","rect":[8,0,382,1040],"offset":[0,0.5],"originalSize":[398,1041],"capInsets":[0,0,0,0]}},{"__type__":"cc.M