{
  "__type__": "cc.Model",
  "_name": "AmongUs_Attack",
  "_objFlags": 0,
  "_native": "",
  "_nodes": [
    {
      "name": "RootNode",
      "scale": [
        1,
        1,
        1
      ],
      "children": [
        1,
        3
      ],
      "position": [
        0,
        0,
        0
      ],
      "quat": [
        0,
        0,
        0,
        1
      ],
      "path": ""
    },
    {
      "name": "AmongUS",
      "scale": [
        1,
        1,
        1
      ],
      "children": [
        2
      ],
      "mesh": 0,
      "skin": 0,
      "parent": null,
      "position": [
        0,
        0,
        0
      ],
      "quat": [
        0,
        0,
        0,
        1
      ],
      "path": "AmongUS"
    },
    {
      "name": "Luoi",
      "scale": [
        1,
        1,
        1
      ],
      "mesh": 1,
      "skin": 1,
      "parent": null,
      "position": [
        0,
        0,
        0
      ],
      "quat": [
        0,
        0,
        0,
        1
      ],
      "path": "AmongUS/Luoi"
    },
    {
      "name": "All_ctrl",
      "scale": [
        1,
        1,
        1
      ],
      "children": [
        4
      ],
      "parent": null,
      "position": [
        0,
        0,
        0
      ],
      "quat": [
        0,
        0,
        0,
        1
      ],
      "path": "All_ctrl"
    },
    {
      "name": "all_joint",
      "scale": [
        1,
        1,
        1
      ],
      "children": [
        5
      ],
      "parent": null,
      "position": [
        0,
        0,
        0
      ],
      "quat": [
        0,
        0,
        0,
        1
      ],
      "path": "All_ctrl/all_joint"
    },
    {
      "name": "hip",
      "scale": [
        1,
        1,
        1
      ],
      "children": [
        6,
        22,
        26
      ],
      "parent": null,
      "position": [
        -0.0000206726599571994,
        0.010750649496913,
        0.000261787907220423
      ],
      "quat": [
        0,
        0,
        0,
        1
      ],
      "path": "All_ctrl/all_joint/hip",
      "uniqueBindPose": [
        1,
        0,
        0,
        0,
        0,
        1,
        0,
        0,
        0,
        0,
        1,
        0,
        0.000020672699974966235,
        -0.010750649496912956,
        -0.0002617879945319146,
        1
      ]
    },
    {
      "name": "spine_01",
      "scale": [
        1,
        1,
        1
      ],
      "children": [
        7,
        11
      ],
      "parent": null,
      "position": [
        0,
        0,
        0
      ],
      "quat": [
        0,
        0,
        0,
        1
      ],
      "path": "All_ctrl/all_joint/hip/spine_01",
      "uniqueBindPose": [
        1,
        0,
        0,
        0,
        0,
        1,
        0,
        0,
        0,
        0,
        1,
        0,
        0.000020672699974966235,
        -0.010750649496912956,
        -0.0002617879945319146,
        1
      ]
    },
    {
      "name": "spine_02",
      "scale": [
        1,
        1,
        1
      ],
      "children": [
        8,
        9,
        10
      ],
      "parent": null,
      "position": [
        0.0000170663697645068,
        0.00577584328129888,
        -0.000204509604373015
      ],
      "quat": [
        0,
        0,
        0,
        1
      ],
      "path": "All_ctrl/all_joint/hip/spine_01/spine_02",
      "uniqueBindPose": [
        1,
        0,
        0,
        0,
        0,
        1,
        0,
        0,
        0,
        0,
        1,
        0,
        0.000003606289965318865,
        -0.016526490449905396,
        -0.00005727829920942895,
        1
      ]
    },
    {
      "name": "head",
      "scale": [
        1,
        1,
        1
      ],
      "parent": null,
      "position": [
        9.59556840608951e-17,
        0.00608219299465418,
        -1.68007959383931e-17
      ],
      "quat": [
        -1.58861257482101e-11,
        -0.0000832017103675753,
        -1.90935097066358e-7,
        1
      ],
      "path": "All_ctrl/all_joint/hip/spine_01/spine_02/head",
      "uniqueBindPose": [
        1,
        0,
        0,
        0,
        0,
        1,
        0,
        0,
        0,
        0,
        1,
        0,
        0.000003606289965318865,
        -0.02260868065059185,
        -0.00005727829920942895,
        1
      ]
    },
    {
      "name": "back",
      "scale": [
        1,
        1,
        1
      ],
      "parent": null,
      "position": [
        1.0842021482517e-21,
        -0.00257369480095804,
        -0.00784720573574305
      ],
      "quat": [
        0,
        0,
        0,
        1
      ],
      "path": "All_ctrl/all_joint/hip/spine_01/spine_02/back",
      "uniqueBindPose": [
        1,
        0,
        0,
        0,
        0,
        1,
        0,
        0,
        0,
        0,
        1,
        0,
        0.000003606289965318865,
        -0.013952800072729588,
        0.007789929863065481,
        1
      ]
    },
    {
      "name": "jaw_up",
      "scale": [
        1,
        1,
        1
      ],
      "parent": null,
      "position": [
        0,
        -0.00179415487218648,
        0.00304747698828578
      ],
      "quat": [
        0,
        0,
        0,
        1
      ],
      "path": "All_ctrl/all_joint/hip/spine_01/spine_02/jaw_up",
      "uniqueBindPose": [
        1,
        0,
        0,
        0,
        0,
        1,
        0,
        0,
        0,
        0,
        1,
        0,
        0.000003606289965318865,
        -0.014732340350747108,
        -0.003104760078713298,
        1
      ]
    },
    {
      "name": "jaw_down",
      "scale": [
        1,
        1,
        1
      ],
      "children": [
        12,
        13
      ],
      "parent": null,
      "position": [
        0,
        0.00247043999843299,
        -0.00123132392764091
      ],
      "quat": [
        0,
        0,
        0,
        1
      ],
      "path": "All_ctrl/all_joint/hip/spine_01/jaw_down",
      "uniqueBindPose": [
        1,
        0,
        0,
        0,
        0,
        1,
        0,
        0,
        0,
        0,
        1,
        0,
        0.000020672699974966235,
        -0.013221089728176594,
        0.0009695359622128308,
        1
      ]
    },
    {
      "name": "jaw_down1",
      "scale": [
        1,
        1,
        1
      ],
      "parent": null,
      "position": [
        0,
        -0.00205848040059209,
        0.00652236258611083
      ],
      "quat": [
        0,
        0,
        0,
        1
      ],
      "path": "All_ctrl/all_joint/hip/spine_01/jaw_down/jaw_down1"
    },
    {
      "name": "Luoi1",
      "scale": [
        1,
        1,
        1
      ],
      "children": [
        14
      ],
      "parent": null,
      "position": [
        0.0000223042898142012,
        -0.00124296895228326,
        -0.000912740360945463
      ],
      "quat": [
        0,
        -0.70710676908493,
        0,
        0.70710676908493
      ],
      "path": "All_ctrl/all_joint/hip/spine_01/jaw_down/Luoi1",
      "uniqueBindPose": [
        6.123234262925839e-17,
        0,
        -1,
        0,
        0,
        1,
        0,
        0,
        1,
        0,
        6.123234262925839e-17,
        0,
        0.0006410209462046623,
        -0.016098229214549065,
        0.0000016316299706886639,
        1
      ]
    },
    {
      "name": "Luoi2",
      "scale": [
        1,
        1,
        1
      ],
      "children": [
        15
      ],
      "parent": null,
      "position": [
        0.000704610487446189,
        0,
        1.55854062294791e-19
      ],
      "quat": [
        0,
        0,
        0,
        1
      ],
      "path": "All_ctrl/all_joint/hip/spine_01/jaw_down/Luoi1/Luoi2",
      "uniqueBindPose": [
        6.123234262925839e-17,
        0,
        -1,
        0,
        0,
        1,
        0,
        0,
        1,
        0,
        6.123234262925839e-17,
        0,
        -0.0000635899996268563,
        -0.016098229214549065,
        0.0000016316299706886639,
        1
      ]
    },
    {
      "name": "Luoi3",
      "scale": [
        1,
        1,
        1
      ],
      "children": [
        16
      ],
      "parent": null,
      "position": [
        0.000730104802642018,
        0,
        1.61817168556595e-19
      ],
      "quat": [
        0,
        0,
        0,
        1
      ],
      "path": "All_ctrl/all_joint/hip/spine_01/jaw_down/Luoi1/Luoi2/Luoi3",
      "uniqueBindPose": [
        6.123234262925839e-17,
        0,
        -1,
        0,
        0,
        1,
        0,
        0,
        1,
        0,
        6.123234262925839e-17,
        0,
        -0.0007936949841678143,
        -0.016098229214549065,
        0.0000016316299706886639,
        1
      ]
    },
    {
      "name": "Luoi4",
      "scale": [
        1,
        1,
        1
      ],
      "children": [
        17
      ],
      "parent": null,
      "position": [
        0.000752364401705563,
        0,
        1.67509230996119e-19
      ],
      "quat": [
        0,
        0,
        0,
        1
      ],
      "path": "All_ctrl/all_joint/hip/spine_01/jaw_down/Luoi1/Luoi2/Luoi3/Luoi4",
      "uniqueBindPose": [
        6.123234262925839e-17,
        0,
        -1,
        0,
        0,
        1,
        0,
        0,
        1,
        0,
        6.123234262925839e-17,
        0,
        -0.0015460599679499865,
        -0.016098229214549065,
        0.0000016316299706886639,
        1
      ]
    },
    {
      "name": "Luoi5",
      "scale": [
        1,
        1,
        1
      ],
      "children": [
        18
      ],
      "parent": null,
      "position": [
        0.000736771035008132,
        0,
        1.62088225303571e-19
      ],
      "quat": [
        0,
        0,
        0,
        1
      ],
      "path": "All_ctrl/all_joint/hip/spine_01/jaw_down/Luoi1/Luoi2/Luoi3/Luoi4/Luoi5",
      "uniqueBindPose": [
        6.123234262925839e-17,
        0,
        -1,
        0,
        0,
        1,
        0,
        0,
        1,
        0,
        6.123234262925839e-17,
        0,
        -0.0022828299552202225,
        -0.016098229214549065,
        0.0000016316299706886639,
        1
      ]
    },
    {
      "name": "Luoi6",
      "scale": [
        1,
        1,
        1
      ],
      "children": [
        19
      ],
      "parent": null,
      "position": [
        0.000753338332287967,
        2.22044599961948e-18,
        1.68051331565374e-19
      ],
      "quat": [
        0,
        0,
        -0.0160193089395761,
        0.999871671199799
      ],
      "path": "All_ctrl/all_joint/hip/spine_01/jaw_down/Luoi1/Luoi2/Luoi3/Luoi4/Luoi5/Luoi6",
      "uniqueBindPose": [
        1.9615473600819636e-18,
        3.142665296007237e-20,
        -1,
        0,
        -0.0320345014333725,
        0.9994869828224182,
        -3.1426643266549565e-20,
        0,
        0.9994869828224182,
        0.0320345014333725,
        1.9615469464916573e-18,
        0,
        -0.002518909750506282,
        -0.016187230125069618,
        0.0000016316299706886639,
        1
      ]
    },
    {
      "name": "Luoi7",
      "scale": [
        1,
        1,
        1
      ],
      "children": [
        20
      ],
      "parent": null,
      "position": [
        0.000747368496377021,
        -4.44089199923895e-18,
        1.653408287191e-19
      ],
      "quat": [
        -3.85137935954083e-34,
        6.08380387256922e-36,
        -0.0157944578677416,
        0.999875247478485
      ],
      "path": "All_ctrl/all_joint/hip/spine_01/jaw_down/Luoi1/Luoi2/Luoi3/Luoi4/Luoi5/Luoi6/Luoi7",
      "uniqueBindPose": [
        3.893599113881511e-18,
        1.2391714875669878e-19,
        -1,
        0,
        -0.06358730047941208,
        0.9979760050773621,
        -1.2391718753079e-19,
        0,
        0.9979760050773621,
        0.06358730047941208,
        3.89360035465243e-18,
        0,
        -0.002753379987552762,
        -0.016282320022583008,
        0.0000016316299706886639,
        1
      ]
    },
    {
      "name": "Luoi8",
      "scale": [
        1,
        1,
        1
      ],
      "children": [
        21
      ],
      "parent": null,
      "position": [
        0.000753030471969396,
        -4.44089199923895e-18,
        1.66967130426865e-19
      ],
      "quat": [
        8.73465403715901e-34,
        6.149211517875e-33,
        -0.0167453978210688,
        0.999859809875488
      ],
      "path": "All_ctrl/all_joint/hip/spine_01/jaw_down/Luoi1/Luoi2/Luoi3/Luoi4/Luoi5/Luoi6/Luoi7/Luoi8",
      "uniqueBindPose": [
        5.9376997194817265e-18,
        2.8856945301342497e-19,
        -1,
        0,
        -0.09696999192237854,
        0.9952870011329651,
        -2.885695305616074e-19,
        0,
        0.9952870011329651,
        0.09696999192237854,
        5.937701787433258e-18,
        0,
        -0.0029592099599540234,
        -0.016390599310398102,
        0.0000016316299706886639,
        1
      ]
    },
    {
      "name": "Luoi9",
      "scale": [
        1,
        1,
        1
      ],
      "parent": null,
      "position": [
        0.000740690680686384,
        1.11022295845071e-17,
        1.63985570833614e-19
      ],
      "quat": [
        -7.70371977754894e-34,
        0,
        0,
        1
      ],
      "path": "All_ctrl/all_joint/hip/spine_01/jaw_down/Luoi1/Luoi2/Luoi3/Luoi4/Luoi5/Luoi6/Luoi7/Luoi8/Luoi9",
      "uniqueBindPose": [
        5.9376997194817265e-18,
        2.8856945301342497e-19,
        -1,
        0,
        -0.09696999192237854,
        0.9952870011329651,
        -2.885695305616074e-19,
        0,
        0.9952870011329651,
        0.09696999192237854,
        5.937701787433258e-18,
        0,
        -0.003699899883940816,
        -0.016390599310398102,
        0.0000016316299706886639,
        1
      ]
    },
    {
      "name": "leg_L",
      "scale": [
        1,
        1,
        1
      ],
      "children": [
        23
      ],
      "parent": null,
      "position": [
        0.00465013552457094,
        -0.00379317277111113,
        0.000159112401888706
      ],
      "quat": [
        -0.0723621025681496,
        -0.0487258695065975,
        -0.707963943481445,
        0.700839936733246
      ],
      "path": "All_ctrl/all_joint/hip/leg_L",
      "uniqueBindPose": [
        -0.007173589430749416,
        0.9993910193443298,
        0.034161198884248734,
        0,
        -0.985287070274353,
        -0.012897693552076817,
        0.17042100429534912,
        0,
        0.17075777053833008,
        -0.0324360653758049,
        0.9847789406776428,
        0,
        0.006816450040787458,
        -0.00452325027436018,
        -0.0017583399312570691,
        1
      ]
    },
    {
      "name": "knee_L",
      "scale": [
        1,
        1,
        1
      ],
      "children": [
        24
      ],
      "parent": null,
      "position": [
        0.00354297086596489,
        1.11022299980974e-18,
        2.77555749952435e-19
      ],
      "quat": [
        -0.000110674533061683,
        0.187327742576599,
        0.00652872817590833,
        0.982275784015656
      ],
      "path": "All_ctrl/all_joint/hip/leg_L/knee_L",
      "uniqueBindPose": [
        -0.006464644335210323,
        0.9994739294052124,
        0.031785499304533005,
        0,
        -0.9789350628852844,
        0.00016135728219524026,
        -0.2041729837656021,
        0,
        -0.20407065749168396,
        -0.032435834407806396,
        0.9784190058708191,
        0,
        0.0036327196285128593,
        -0.004568909760564566,
        -0.0004422999918460846,
        1
      ]
    },
    {
      "name": "feet_L",
      "scale": [
        1,
        1,
        1
      ],
      "children": [
        25
      ],
      "parent": null,
      "position": [
        0.0031205506529659,
        1.11022299980974e-18,
        -8.32667249857304e-19
      ],
      "quat": [
        0.0125349489971995,
        -0.775841057300568,
        -0.0102942734956741,
        0.630719900131226
      ],
      "path": "All_ctrl/all_joint/hip/leg_L/knee_L/feet_L",
      "uniqueBindPose": [
        6.123234262925839e-17,
        1,
        -6.123234262925839e-17,
        0,
        0,
        6.123234262925839e-17,
        1,
        0,
        1,
        -6.123234262925839e-17,
        3.7493993930529855e-33,
        0,
        -0.0003890779917128384,
        -0.004583869595080614,
        -0.00041181599954143167,
        1
      ]
    },
    {
      "name": "feet_L_end",
      "scale": [
        1,
        1,
        1
      ],
      "parent": null,
      "position": [
        0.00199049687944353,
        0,
        -6.93889374881086e-20
      ],
      "quat": [
        -2.09731829852905e-23,
        0,
        -1.98523347012727e-23,
        1
      ],
      "path": "All_ctrl/all_joint/hip/leg_L/knee_L/feet_L/feet_L_end",
      "uniqueBindPose": [
        6.123234262925839e-17,
        1,
        -6.123234262925839e-17,
        0,
        0,
        6.123234262925839e-17,
        1,
        0,
        1,
        -6.123234262925839e-17,
        3.7493993930529855e-33,
        0,
        -0.002379569923505187,
        -0.004583869595080614,
        -0.00041181599954143167,
        1
      ]
    },
    {
      "name": "leg_R",
      "scale": [
        1,
        1,
        1
      ],
      "children": [
        27
      ],
      "parent": null,
      "position": [
        -0.00465013738721609,
        -0.00379316788166761,
        0.000159112096298486
      ],
      "quat": [
        0.700839936733246,
        0.707963943481445,
        -0.0487258695065975,
        0.0723621025681496
      ],
      "path": "All_ctrl/all_joint/hip/leg_R",
      "uniqueBindPose": [
        -0.007173520978540182,
        0.9993910193443298,
        0.03416160121560097,
        0,
        0.985287070274353,
        0.012897695414721966,
        -0.17042100429534912,
        0,
        -0.17075777053833008,
        0.032436471432447433,
        -0.9847789406776428,
        0,
        -0.006816749926656485,
        0.004564580041915178,
        0.0017597598489373922,
        1
      ]
    },
    {
      "name": "knee_R",
      "scale": [
        1,
        1,
        1
      ],
      "children": [
        28
      ],
      "parent": null,
      "position": [
        -0.00354298041202128,
        7.43038630623971e-10,
        -1.26160104585438e-9
      ],
      "quat": [
        -0.000110674533061683,
        0.187327742576599,
        0.00652872817590833,
        0.982275784015656
      ],
      "path": "All_ctrl/all_joint/hip/leg_R/knee_R",
      "uniqueBindPose": [
        -0.00646472442895174,
        0.9994739294052124,
        0.03178590163588524,
        0,
        0.9789350628852844,
        -0.00016136092017404735,
        0.2041729837656021,
        0,
        0.20407065749168396,
        0.03243624418973923,
        -0.9784190058708191,
        0,
        -0.003632989712059498,
        0.004610229749232531,
        0.00044361999607644975,
        1
      ]
    },
    {
      "name": "feet_R",
      "scale": [
        1,
        1,
        1
      ],
      "children": [
        29
      ],
      "parent": null,
      "position": [
        -0.00312054716050625,
        -2.22044599961948e-18,
        3.18168646984418e-9
      ],
      "quat": [
        0.0125351045280695,
        -0.775841057300568,
        -0.0102943992242217,
        0.630719900131226
      ],
      "path": "All_ctrl/all_joint/hip/leg_R/knee_R/feet_R",
      "uniqueBindPose": [
        6.123234262925839e-17,
        1,
        6.123234262925839e-17,
        0,
        0,
        6.123234262925839e-17,
        -1,
        0,
        -1,
        6.123234262925839e-17,
        3.7493993930529855e-33,
        0,
        0.0003890779917128384,
        0.004625219851732254,
        0.00041181599954143167,
        1
      ]
    },
    {
      "name": "feet_R_end",
      "scale": [
        1,
        1,
        1
      ],
      "parent": null,
      "position": [
        -0.00199049199000001,
        0,
        0
      ],
      "quat": [
        -6.94127924399341e-23,
        -2.64697796016969e-23,
        5.29395592033938e-23,
        1
      ],
      "path": "All_ctrl/all_joint/hip/leg_R/knee_R/feet_R/feet_R_end",
      "uniqueBindPose": [
        6.123234262925839e-17,
        1,
        6.123234262925839e-17,
        0,
        0,
        6.123234262925839e-17,
        -1,
        0,
        -1,
        6.123234262925839e-17,
        3.7493993930529855e-33,
        0,
        0.002379569923505187,
        0.004625219851732254,
        0.00041181599954143167,
        1
      ]
    }
  ],
  "_precomputeJointMatrix": false
}