{
  "__type__": "cc.Model",
  "_name": "Boxing",
  "_objFlags": 0,
  "_native": "",
  "_nodes": [
    {
      "name": "RootNode",
      "scale": [
        1,
        1,
        1
      ],
      "children": [
        1,
        2,
        3
      ],
      "position": [
        0,
        0,
        0
      ],
      "quat": [
        0,
        0,
        0,
        1
      ],
      "path": ""
    },
    {
      "name": "Body_Boss_Crew",
      "scale": [
        1,
        1,
        1
      ],
      "parent": null,
      "position": [
        0,
        0,
        0
      ],
      "quat": [
        0,
        0,
        0,
        1
      ],
      "path": "Body_Boss_Crew"
    },
    {
      "name": "Body_Boss_Crew_0",
      "scale": [
        1,
        1,
        1
      ],
      "mesh": 0,
      "skin": 0,
      "parent": null,
      "position": [
        0,
        0,
        0
      ],
      "quat": [
        0,
        0,
        0,
        1
      ],
      "path": "Body_Boss_Crew_0"
    },
    {
      "name": "mixamorig:Hips",
      "scale": [
        1,
        1,
        1
      ],
      "children": [
        4,
        26,
        31
      ],
      "parent": null,
      "position": [
        0.0000182569528988097,
        0.00281352852471173,
        0.000283506436971948
      ],
      "quat": [
        0,
        0,
        0,
        1
      ],
      "path": "mixamorig:Hips",
      "uniqueBindPose": [
        1,
        0,
        0,
        0,
        0,
        1,
        0,
        0,
        0,
        0,
        1,
        0,
        -0.000018256952898809686,
        -0.002813528524711728,
        -0.00028350643697194755,
        1
      ]
    },
    {
      "name": "mixamorig:Spine",
      "scale": [
        1,
        1,
        1
      ],
      "children": [
        5
      ],
      "parent": null,
      "position": [
        0,
        0.000527949596289545,
        -0.0000656186384730972
      ],
      "quat": [
        -0.0617883130908012,
        0,
        0,
        0.998089253902435
      ],
      "path": "mixamorig:Hips/mixamorig:Spine",
      "uniqueBindPose": [
        1,
        0,
        0,
        0,
        0,
        0.9923644065856934,
        0.12334050238132477,
        0,
        0,
        -0.12334050238132477,
        0.9923644065856934,
        0,
        -0.000018256952898809686,
        -0.0032890895381569862,
        -0.0006283636903390288,
        1
      ]
    },
    {
      "name": "mixamorig:Spine1",
      "scale": [
        1,
        1,
        1
      ],
      "children": [
        6
      ],
      "parent": null,
      "position": [
        0,
        0.000620680511929095,
        2.24953383828538e-14
      ],
      "quat": [
        -1.4787381097392e-8,
        0,
        0,
        1
      ],
      "path": "mixamorig:Hips/mixamorig:Spine/mixamorig:Spine1",
      "uniqueBindPose": [
        1,
        0,
        0,
        0,
        0,
        0.9923644065856934,
        0.12334052473306656,
        0,
        0,
        -0.12334052473306656,
        0.9923644065856934,
        0,
        -0.000018256952898809686,
        -0.003909769933670759,
        -0.0006283637485466897,
        1
      ]
    },
    {
      "name": "mixamorig:Spine2",
      "scale": [
        1,
        1,
        1
      ],
      "children": [
        7,
        10,
        18
      ],
      "parent": null,
      "position": [
        0,
        0.00070934952236712,
        -3.0010202222569e-12
      ],
      "quat": [
        -6.93889390390723e-18,
        0,
        0,
        1
      ],
      "path": "mixamorig:Hips/mixamorig:Spine/mixamorig:Spine1/mixamorig:Spine2",
      "uniqueBindPose": [
        1,
        0,
        0,
        0,
        0,
        0.9923644065856934,
        0.12334052473306656,
        0,
        0,
        -0.12334052473306656,
        0.9923644065856934,
        0,
        -0.000018256952898809686,
        -0.004619119223207235,
        -0.0006283637485466897,
        1
      ]
    },
    {
      "name": "mixamorig:Neck",
      "scale": [
        1,
        1,
        1
      ],
      "children": [
        8
      ],
      "parent": null,
      "position": [
        0,
        0.000798017892520875,
        2.22497766738661e-11
      ],
      "quat": [
        0.0617883279919624,
        0,
        0,
        0.998089253902435
      ],
      "path": "mixamorig:Hips/mixamorig:Spine/mixamorig:Spine1/mixamorig:Spine2/mixamorig:Neck",
      "uniqueBindPose": [
        1,
        0,
        0,
        0,
        0,
        1,
        2.7755575615628914e-17,
        0,
        0,
        -2.7755575615628914e-17,
        1,
        0,
        -0.000018256952898809686,
        -0.005453276913613081,
        0.00004458673356566578,
        1
      ]
    },
    {
      "name": "mixamorig:Head",
      "scale": [
        1,
        1,
        1
      ],
      "children": [
        9
      ],
      "parent": null,
      "position": [
        0,
        0.000137006631121039,
        -0.0000157879385369597
      ],
      "quat": [
        0,
        0,
        0,
        1
      ],
      "path": "mixamorig:Hips/mixamorig:Spine/mixamorig:Spine1/mixamorig:Spine2/mixamorig:Neck/mixamorig:Head",
      "uniqueBindPose": [
        1,
        0,
        0,
        0,
        0,
        1,
        2.7755575615628914e-17,
        0,
        0,
        -2.7755575615628914e-17,
        1,
        0,
        -0.000018256952898809686,
        -0.005590283777564764,
        0.00006037467028363608,
        1
      ]
    },
    {
      "name": "mixamorig:HeadTop_End",
      "scale": [
        1,
        1,
        1
      ],
      "parent": null,
      "position": [
        0,
        0.00205556629225612,
        -0.000236872787354514
      ],
      "quat": [
        0,
        0,
        0,
        1
      ],
      "path": "mixamorig:Hips/mixamorig:Spine/mixamorig:Spine1/mixamorig:Spine2/mixamorig:Neck/mixamorig:Head/mixamorig:HeadTop_End"
    },
    {
      "name": "mixamorig:LeftShoulder",
      "scale": [
        1,
        1,
        1
      ],
      "children": [
        11
      ],
      "parent": null,
      "position": [
        0.000447426049504429,
        0.000653825409244746,
        -0.000100343728263397
      ],
      "quat": [
        -0.499962985515594,
        -0.471354573965073,
        0.634471714496613,
        -0.35398805141449
      ],
      "path": "mixamorig:Hips/mixamorig:Spine/mixamorig:Spine1/mixamorig:Spine2/mixamorig:LeftShoulder",
      "uniqueBindPose": [
        -0.2494589388370514,
        0.920510470867157,
        -0.30071693658828735,
        0,
        -0.09745006263256073,
        -0.3328203856945038,
        -0.937941312789917,
        0,
        -0.9634696245193481,
        -0.20467297732830048,
        0.17272883653640747,
        0,
        0.0005106778116896749,
        0.0013086862163618207,
        0.005130902398377657,
        1
      ]
    },
    {
      "name": "mixamorig:LeftArm",
      "scale": [
        1,
        1,
        1
      ],
      "children": [
        12
      ],
      "parent": null,
      "position": [
        -1.0986914503186e-11,
        0.00079925317550078,
        -1.36516379797835e-11
      ],
      "quat": [
        0.324616879224777,
        -0.106282897293568,
        0.0367371626198292,
        0.939136922359467
      ],
      "path": "mixamorig:Hips/mixamorig:Spine/mixamorig:Spine1/mixamorig:Spine2/mixamorig:LeftShoulder/mixamorig:LeftArm",
      "uniqueBindPose": [
        -0.3103538155555725,
        0.5774480700492859,
        -0.7551385164260864,
        0,
        -0.3045960068702698,
        -0.81288743019104,
        -0.49642249941825867,
        0,
        -0.9005008339881897,
        0.07594557106494904,
        0.4281710684299469,
        0,
        0.0016444131033495069,
        0.0034185610711574554,
        0.003529280424118042,
        1
      ]
    },
    {
      "name": "mixamorig:LeftForeArm",
      "scale": [
        1,
        1,
        1
      ],
      "children": [
        13
      ],
      "parent": null,
      "position": [
        -5.48962524743457e-12,
        0.00135084800422192,
        -1.93409194909622e-11
      ],
      "quat": [
        0.0628547817468643,
        0.293012320995331,
        0.200101405382156,
        0.932819664478302
      ],
      "path": "mixamorig:Hips/mixamorig:Spine/mixamorig:Spine1/mixamorig:Spine2/mixamorig:LeftShoulder/mixamorig:LeftArm/mixamorig:LeftForeArm",
      "uniqueBindPose": [
        0.3984376788139343,
        0.45396968722343445,
        -0.7969685792922974,
        0,
        -0.30242305994033813,
        -0.7553014755249023,
        -0.581429123878479,
        0,
        -0.865902841091156,
        0.47268491983413696,
        -0.16364970803260803,
        0,
        0.00023791419516783208,
        0.002160191535949707,
        0.0038356645964086056,
        1
      ]
    },
    {
      "name": "mixamorig:LeftHand",
      "scale": [
        1,
        1,
        1
      ],
      "children": [
        14
      ],
      "parent": null,
      "position": [
        9.46910171800708e-12,
        0.000950522837229073,
        4.61880143506899e-12
      ],
      "quat": [
        0.188719376921654,
        0.00237262598238885,
        0.0123452749103308,
        0.981950581073761
      ],
      "path": "mixamorig:Hips/mixamorig:Spine/mixamorig:Spine1/mixamorig:Spine2/mixamorig:LeftShoulder/mixamorig:LeftArm/mixamorig:LeftForeArm/mixamorig:LeftHand",
      "uniqueBindPose": [
        0.40972471237182617,
        0.11676764488220215,
        -0.9047048687934875,
        0,
        -0.32131606340408325,
        -0.9097367525100708,
        -0.26293542981147766,
        0,
        -0.8537456393241882,
        0.3984273374080658,
        -0.3352223038673401,
        0,
        0.0002682505000848323,
        0.002539402572438121,
        0.0031163599342107773,
        1
      ]
    },
    {
      "name": "mixamorig:LeftHandIndex1",
      "scale": [
        1,
        1,
        1
      ],
      "children": [
        15
      ],
      "parent": null,
      "position": [
        3.99490726957219e-12,
        0.000966682215221226,
        5.33723325951696e-12
      ],
      "quat": [
        0.29539430141449,
        -0.217804551124573,
        0.0693578198552132,
        0.927627563476563
      ],
      "path": "mixamorig:Hips/mixamorig:Spine/mixamorig:Spine1/mixamorig:Spine2/mixamorig:LeftShoulder/mixamorig:LeftArm/mixamorig:LeftForeArm/mixamorig:LeftHand/mixamorig:LeftHandIndex1",
      "uniqueBindPose": [
        -0.03573783487081528,
        -0.47865068912506104,
        -0.8772777318954468,
        0,
        -0.4047606885433197,
        -0.7956821918487549,
        0.45062023401260376,
        0,
        -0.9137239456176758,
        0.37119174003601074,
        -0.16530302166938782,
        0,
        0.0016271821223199368,
        0.0028278001118451357,
        0.0012700126972049475,
        1
      ]
    },
    {
      "name": "mixamorig:LeftHandIndex2",
      "scale": [
        1,
        1,
        1
      ],
      "children": [
        16
      ],
      "parent": null,
      "position": [
        -5.63440963265334e-14,
        0.000114249531179667,
        5.43874949417156e-13
      ],
      "quat": [
        4.5102810375397e-17,
        -4.16333634234434e-17,
        1.87778169577755e-33,
        1
      ],
      "path": "mixamorig:Hips/mixamorig:Spine/mixamorig:Spine1/mixamorig:Spine2/mixamorig:LeftShoulder/mixamorig:LeftArm/mixamorig:LeftForeArm/mixamorig:LeftHand/mixamorig:LeftHandIndex1/mixamorig:LeftHandIndex2",
      "uniqueBindPose": [
        -0.03573783487081528,
        -0.47865068912506104,
        -0.8772777318954468,
        0,
        -0.4047606885433197,
        -0.7956821918487549,
        0.45062023401260376,
        0,
        -0.9137239456176758,
        0.37119174003601074,
        -0.16530302166938782,
        0,
        0.0016271821223199368,
        0.002713550580665469,
        0.0012700126972049475,
        1
      ]
    },
    {
      "name": "mixamorig:LeftHandIndex3",
      "scale": [
        1,
        1,
        1
      ],
      "children": [
        17
      ],
      "parent": null,
      "position": [
        0.0000126557242765557,
        0.000170344093930908,
        0.0000453029242635239
      ],
      "quat": [
        -2.08166817117217e-17,
        2.77555756156289e-17,
        5.77778983316171e-34,
        1
      ],
      "path": "mixamorig:Hips/mixamorig:Spine/mixamorig:Spine1/mixamorig:Spine2/mixamorig:LeftShoulder/mixamorig:LeftArm/mixamorig:LeftForeArm/mixamorig:LeftHand/mixamorig:LeftHandIndex1/mixamorig:LeftHandIndex2/mixamorig:LeftHandIndex3",
      "uniqueBindPose": [
        -0.03573783487081528,
        -0.47865068912506104,
        -0.8772777318954468,
        0,
        -0.4047606885433197,
        -0.7956821918487549,
        0.45062023401260376,
        0,
        -0.9137239456176758,
        0.37119174003601074,
        -0.16530302166938782,
        0,
        0.0016145264962688088,
        0.0025432065594941378,
        0.0012247097911313176,
        1
      ]
    },
    {
      "name": "mixamorig:LeftHandIndex4",
      "scale": [
        1,
        1,
        1
      ],
      "parent": null,
      "position": [
        0.0000151423073475598,
        0.000126068232930265,
        0.0000122182627819711
      ],
      "quat": [
        2.77555756156289e-17,
        1.38777878078145e-17,
        -2.77555756156289e-17,
        1
      ],
      "path": "mixamorig:Hips/mixamorig:Spine/mixamorig:Spine1/mixamorig:Spine2/mixamorig:LeftShoulder/mixamorig:LeftArm/mixamorig:LeftForeArm/mixamorig:LeftHand/mixamorig:LeftHandIndex1/mixamorig:LeftHandIndex2/mixamorig:LeftHandIndex3/mixamorig:LeftHandIndex4"
    },
    {
      "name": "mixamorig:RightShoulder",
      "scale": [
        1,
        1,
        1
      ],
      "children": [
        19
      ],
      "parent": null,
      "position": [
        -0.000447426049504429,
        0.000643037783447653,
        -0.0000135495047288714
      ],
      "quat": [
        0.569906771183014,
        -0.412248998880386,
        0.587191164493561,
        0.400579005479813
      ],
      "path": "mixamorig:Hips/mixamorig:Spine/mixamorig:Spine1/mixamorig:Spine2/mixamorig:RightShoulder",
      "uniqueBindPose": [
        -0.029485464096069336,
        -0.9403198957443237,
        0.33901187777519226,
        0,
        0.12382862716913223,
        -0.3399829864501953,
        -0.9322434663772583,
        0,
        0.9918654561042786,
        0.014491742476820946,
        0.12646308541297913,
        0,
        -0.0006300737732090056,
        0.0013981726951897144,
        0.005089263431727886,
        1
      ]
    },
    {
      "name": "mixamorig:RightArm",
      "scale": [
        1,
        1,
        1
      ],
      "children": [
        20
      ],
      "parent": null,
      "position": [
        -1.60950723235298e-12,
        0.000782415561843663,
        1.46115498173005e-11
      ],
      "quat": [
        0.300041079521179,
        -0.167377769947052,
        0.0535625852644444,
        0.937598586082458
      ],
      "path": "mixamorig:Hips/mixamorig:Spine/mixamorig:Spine1/mixamorig:Spine2/mixamorig:RightShoulder/mixamorig:RightArm",
      "uniqueBindPose": [
        0.08963671326637268,
        -0.5750356912612915,
        0.8132030367851257,
        0,
        -0.20638404786586761,
        -0.8094916939735413,
        -0.5496623516082764,
        0,
        0.9743566513061523,
        -0.11856219917535782,
        -0.1912383735179901,
        0,
        0.0011697720037773252,
        0.0034000782761722803,
        0.003707809606567025,
        1
      ]
    },
    {
      "name": "mixamorig:RightForeArm",
      "scale": [
        1,
        1,
        1
      ],
      "children": [
        21
      ],
      "parent": null,
      "position": [
        -3.64262569760299e-12,
        0.00135651475284249,
        -8.58647788287703e-12
      ],
      "quat": [
        -0.0111960219219327,
        0.0357547290623188,
        -0.298616051673889,
        0.953637599945068
      ],
      "path": "mixamorig:Hips/mixamorig:Spine/mixamorig:Spine1/mixamorig:Spine2/mixamorig:RightShoulder/mixamorig:RightArm/mixamorig:RightForeArm",
      "uniqueBindPose": [
        0.35137128829956055,
        -0.45608779788017273,
        0.8176319599151611,
        0,
        0.32644760608673096,
        -0.7588260769844055,
        -0.5635733604431152,
        0,
        0.8774793744087219,
        0.4649375379085541,
        -0.1177409440279007,
        0,
        -0.0004354309930931777,
        0.0021855426020920277,
        0.0037849931977689266,
        1
      ]
    },
    {
      "name": "mixamorig:RightHand",
      "scale": [
        1,
        1,
        1
      ],
      "children": [
        22
      ],
      "parent": null,
      "position": [
        -6.93192118289554e-12,
        0.000946108077187091,
        -8.44847282410743e-12
      ],
      "quat": [
        0.0763824656605721,
        -0.00830259826034307,
        -0.107741691172123,
        0.99120557308197
      ],
      "path": "mixamorig:Hips/mixamorig:Spine/mixamorig:Spine1/mixamorig:Spine2/mixamorig:RightShoulder/mixamorig:RightArm/mixamorig:RightForeArm/mixamorig:RightHand",
      "uniqueBindPose": [
        0.4411587417125702,
        -0.2403041422367096,
        0.8646576404571533,
        0,
        0.4818624258041382,
        -0.7493883967399597,
        -0.4541206955909729,
        0,
        0.7570914030075073,
        0.6169853806495667,
        -0.2148056924343109,
        0,
        -0.0006915624253451824,
        0.0016836466966196895,
        0.003569180378690362,
        1
      ]
    },
    {
      "name": "mixamorig:RightHandIndex1",
      "scale": [
        1,
        1,
        1
      ],
      "children": [
        23
      ],
      "parent": null,
      "position": [
        2.36251404724108e-12,
        0.000946485088206828,
        3.8300174663719e-12
      ],
      "quat": [
        0.161728009581566,
        0.000696924340445548,
        0.00425240583717823,
        0.986825942993164
      ],
      "path": "mixamorig:Hips/mixamorig:Spine/mixamorig:Spine1/mixamorig:Spine2/mixamorig:RightShoulder/mixamorig:RightArm/mixamorig:RightForeArm/mixamorig:RightHand/mixamorig:RightHandIndex1",
      "uniqueBindPose": [
        0.43907132744789124,
        0.044671569019556046,
        0.8973408937454224,
        0,
        0.47538620233535767,
        -0.8590505719184875,
        -0.1898423731327057,
        0,
        0.7623806595802307,
        0.5099378228187561,
        -0.3984207510948181,
        0,
        -0.0006851838552393019,
        0.001843505771830678,
        0.003145270049571991,
        1
      ]
    },
    {
      "name": "mixamorig:RightHandIndex2",
      "scale": [
        1,
        1,
        1
      ],
      "children": [
        24
      ],
      "parent": null,
      "position": [
        -2.01920229668529e-12,
        0.000111500266939402,
        -3.18052788966794e-12
      ],
      "quat": [
        0,
        0,
        8.32667268468867e-17,
        1
      ],
      "path": "mixamorig:Hips/mixamorig:Spine/mixamorig:Spine1/mixamorig:Spine2/mixamorig:RightShoulder/mixamorig:RightArm/mixamorig:RightForeArm/mixamorig:RightHand/mixamorig:RightHandIndex1/mixamorig:RightHandIndex2",
      "uniqueBindPose": [
        0.43907132744789124,
        0.044671569019556046,
        0.8973408937454224,
        0,
        0.47538620233535767,
        -0.8590505719184875,
        -0.1898423731327057,
        0,
        0.7623806595802307,
        0.5099378228187561,
        -0.3984207510948181,
        0,
        -0.0006851838552393019,
        0.0017320053884759545,
        0.003145270049571991,
        1
      ]
    },
    {
      "name": "mixamorig:RightHandIndex3",
      "scale": [
        1,
        1,
        1
      ],
      "children": [
        25
      ],
      "parent": null,
      "position": [
        0.0000108345921034925,
        0.000163824050105177,
        0.0000730001338524744
      ],
      "quat": [
        2.77555756156289e-17,
        -2.77555756156289e-17,
        2.77555756156289e-17,
        1
      ],
      "path": "mixamorig:Hips/mixamorig:Spine/mixamorig:Spine1/mixamorig:Spine2/mixamorig:RightShoulder/mixamorig:RightArm/mixamorig:RightForeArm/mixamorig:RightHand/mixamorig:RightHandIndex1/mixamorig:RightHandIndex2/mixamorig:RightHandIndex3",
      "uniqueBindPose": [
        0.43907132744789124,
        0.044671569019556046,
        0.8973408937454224,
        0,
        0.47538620233535767,
        -0.8590505719184875,
        -0.1898423731327057,
        0,
        0.7623806595802307,
        0.5099378228187561,
        -0.3984207510948181,
        0,
        -0.000696018454618752,
        0.0015681814402341843,
        0.0030722697265446186,
        1
      ]
    },
    {
      "name": "mixamorig:RightHandIndex4",
      "scale": [
        1,
        1,
        1
      ],
      "parent": null,
      "position": [
        0.0000226110169023741,
        0.00012929440708831,
        0.0000101443638413912
      ],
      "quat": [
        1.38777878078145e-17,
        -7.70371977754894e-34,
        -5.55111512312578e-17,
        1
      ],
      "path": "mixamorig:Hips/mixamorig:Spine/mixamorig:Spine1/mixamorig:Spine2/mixamorig:RightShoulder/mixamorig:RightArm/mixamorig:RightForeArm/mixamorig:RightHand/mixamorig:RightHandIndex1/mixamorig:RightHandIndex2/mixamorig:RightHandIndex3/mixamorig:RightHandIndex4"
    },
    {
      "name": "mixamorig:LeftUpLeg",
      "scale": [
        1,
        1,
        1
      ],
      "children": [
        27
      ],
      "parent": null,
      "position": [
        0.000599685532506555,
        -0.000290989264613017,
        0.00000383172164220014
      ],
      "quat": [
        -0.00400072522461414,
        -0.0558012910187244,
        0.995877623558044,
        -0.0714003592729568
      ],
      "path": "mixamorig:Hips/mixamorig:LeftUpLeg",
      "uniqueBindPose": [
        -0.9897719621658325,
        0.142658531665802,
        -6.455463386068061e-10,
        0,
        -0.1417655497789383,
        -0.9835764169692993,
        -0.11171381920576096,
        0,
        -0.01593692973256111,
        -0.11057119816541672,
        0.993740439414978,
        0,
        0.000973810616414994,
        0.0024247264955192804,
        -0.0000037370596146502066,
        1
      ]
    },
    {
      "name": "mixamorig:LeftLeg",
      "scale": [
        1,
        1,
        1
      ],
      "children": [
        28
      ],
      "parent": null,
      "position": [
        -6.60790562892477e-12,
        0.00120360334403813,
        2.79971738067347e-13
      ],
      "quat": [
        -0.0290348883718252,
        0.000872576027177274,
        -0.0300264470279217,
        0.99912691116333
      ],
      "path": "mixamorig:Hips/mixamorig:LeftUpLeg/mixamorig:LeftLeg",
      "uniqueBindPose": [
        -0.9965524673461914,
        0.08282413333654404,
        0.0048178499564528465,
        0,
        -0.08244481682777405,
        -0.9821559190750122,
        -0.16903430223464966,
        0,
        -0.009268241003155708,
        -0.16884878277778625,
        0.9855983257293701,
        0,
        0.0008987233741208911,
        0.0012754591880366206,
        0.00007044962694635615,
        1
      ]
    },
    {
      "name": "mixamorig:LeftFoot",
      "scale": [
        1,
        1,
        1
      ],
      "children": [
        29
      ],
      "parent": null,
      "position": [
        2.27839692642021e-13,
        0.000888263864908367,
        6.10782171367452e-12
      ],
      "quat": [
        0.512618660926819,
        -0.0151018733158708,
        0.00901814829558134,
        0.858436226844788
      ],
      "path": "mixamorig:Hips/mixamorig:LeftUpLeg/mixamorig:LeftLeg/mixamorig:LeftFoot",
      "uniqueBindPose": [
        -0.9957663416862488,
        0.07438009977340698,
        -0.05400780960917473,
        0,
        -0.08833937346935272,
        -0.6119865775108337,
        0.7859188914299011,
        0,
        0.025404665619134903,
        0.7873626351356506,
        0.6159664392471313,
        0,
        0.0009006451582536101,
        0.00021779332018923014,
        -0.0003224768734071404,
        1
      ]
    },
    {
      "name": "mixamorig:LeftToeBase",
      "scale": [
        1,
        1,
        1
      ],
      "children": [
        30
      ],
      "parent": null,
      "position": [
        -2.76607989985189e-12,
        0.000664930616039783,
        1.0459772154317e-12
      ],
      "quat": [
        0.299513697624207,
        -0.0813813358545303,
        0.0256504584103823,
        0.950268745422363
      ],
      "path": "mixamorig:Hips/mixamorig:LeftUpLeg/mixamorig:LeftLeg/mixamorig:LeftFoot/mixamorig:LeftToeBase",
      "uniqueBindPose": [
        -0.9904494881629944,
        0.12750594317913055,
        0.052460238337516785,
        0,
        0.04657961428165436,
        -0.048674583435058594,
        0.9977279305458069,
        0,
        0.1297697275876999,
        0.9906426668167114,
        0.04227053374052048,
        0,
        0.0008326983079314232,
        -0.0006363567081280053,
        -0.00012941623572260141,
        1
      ]
    },
    {
      "name": "mixamorig:LeftToe_End",
      "scale": [
        1,
        1,
        1
      ],
      "parent": null,
      "position": [
        1.10686763574175e-12,
        0.000286160036921501,
        4.16429802967133e-13
      ],
      "quat": [
        5.53661783087023e-10,
        2.58907478789538e-16,
        -1.43347169138944e-25,
        1
      ],
      "path": "mixamorig:Hips/mixamorig:LeftUpLeg/mixamorig:LeftLeg/mixamorig:LeftFoot/mixamorig:LeftToeBase/mixamorig:LeftToe_End"
    },
    {
      "name": "mixamorig:RightUpLeg",
      "scale": [
        1,
        1,
        1
      ],
      "children": [
        32
      ],
      "parent": null,
      "position": [
        -0.000599685532506555,
        -0.000290989264613017,
        -2.28323031592481e-7
      ],
      "quat": [
        0.00245577376335859,
        -0.0341194644570351,
        0.996836006641388,
        0.0717480182647705
      ],
      "path": "mixamorig:Hips/mixamorig:RightUpLeg",
      "uniqueBindPose": [
        -0.9896923899650574,
        -0.14320959150791168,
        1.6485590670356487e-10,
        0,
        0.14287443459033966,
        -0.9873761534690857,
        -0.06837541610002518,
        0,
        0.009792014956474304,
        -0.06767062842845917,
        0.9976596832275391,
        0,
        -0.0009386157034896314,
        0.0024265984538942575,
        -0.00011013548646587878,
        1
      ]
    },
    {
      "name": "mixamorig:RightLeg",
      "scale": [
        1,
        1,
        1
      ],
      "children": [
        33
      ],
      "parent": null,
      "position": [
        -7.88044109134578e-12,
        0.00119897141121328,
        3.42736602987337e-12
      ],
      "quat": [
        -0.0818603411316872,
        -0.00248542823828757,
        0.0302458796650171,
        0.996181666851044
      ],
      "path": "mixamorig:Hips/mixamorig:RightUpLeg/mixamorig:RightLeg",
      "uniqueBindPose": [
        -0.9965575933456421,
        -0.08179133385419846,
        -0.013533647172152996,
        0,
        0.0827094241976738,
        -0.9697261452674866,
        -0.22976136207580566,
        0,
        0.0056685577146708965,
        -0.23008981347084045,
        0.9731528162956238,
        0,
        -0.000862409477122128,
        0.001283086952753365,
        0.00010067368566524237,
        1
      ]
    },
    {
      "name": "mixamorig:RightFoot",
      "scale": [
        1,
        1,
        1
      ],
      "children": [
        34
      ],
      "parent": null,
      "position": [
        -7.02132904768782e-13,
        0.000899406033568084,
        4.37150012369547e-12
      ],
      "quat": [
        0.544700264930725,
        0.0126766543835402,
        -0.00823497120290995,
        0.838494539260864
      ],
      "path": "mixamorig:Hips/mixamorig:RightUpLeg/mixamorig:RightLeg/mixamorig:RightFoot",
      "uniqueBindPose": [
        -0.995693027973175,
        -0.07312992960214615,
        0.056986287236213684,
        0,
        0.08961726725101471,
        -0.601706862449646,
        0.7936735153198242,
        0,
        -0.02375224232673645,
        0.7953620553016663,
        0.6056690216064453,
        0,
        -0.0008650586823932827,
        0.00022407417418435216,
        -0.00032025083783082664,
        1
      ]
    },
    {
      "name": "mixamorig:RightToeBase",
      "scale": [
        1,
        1,
        1
      ],
      "children": [
        35
      ],
      "parent": null,
      "position": [
        2.0008140109995e-12,
        0.000677179894410074,
        2.41791066335484e-11
      ],
      "quat": [
        0.293932020664215,
        0.0795317590236664,
        -0.0245505701750517,
        0.952195346355438
      ],
      "path": "mixamorig:Hips/mixamorig:RightUpLeg/mixamorig:RightLeg/mixamorig:RightFoot/mixamorig:RightToeBase",
      "uniqueBindPose": [
        -0.9913501739501953,
        -0.12183430045843124,
        -0.048797477036714554,
        0,
        -0.043288491666316986,
        -0.04746304079890251,
        0.9979344606399536,
        0,
        -0.12389874458312988,
        0.9914149045944214,
        0.04177846759557724,
        0,
        -0.0007999453227967024,
        -0.0006331695476546884,
        -0.00012399870320223272,
        1
      ]
    },
    {
      "name": "mixamorig:RightToe_End",
      "scale": [
        1,
        1,
        1
      ],
      "parent": null,
      "position": [
        -1.59329418148585e-12,
        0.000299742969218642,
        -1.76911382678696e-13
      ],
      "quat": [
        -1.70519862119356e-10,
        4.2934406030426e-17,
        6.93889390390723e-18,
        1
      ],
      "path": "mixamorig:Hips/mixamorig:RightUpLeg/mixamorig:RightLeg/mixamorig:RightFoot/mixamorig:RightToeBase/mixamorig:RightToe_End"
    }
  ],
  "_precomputeJointMatrix": false
}