{
  "__type__": "cc.Model",
  "_name": "axeman_die",
  "_objFlags": 0,
  "_native": "",
  "_nodes": [
    {
      "name": "RootNode",
      "scale": [
        1,
        1,
        1
      ],
      "children": [
        1,
        2,
        11,
        12
      ],
      "position": [
        0,
        0,
        0
      ],
      "quat": [
        0,
        0,
        0,
        1
      ],
      "path": ""
    },
    {
      "name": "Steve.001",
      "scale": [
        100,
        100,
        100
      ],
      "mesh": 0,
      "skin": 0,
      "parent": null,
      "position": [
        0,
        0,
        0
      ],
      "quat": [
        6.12323426292584e-17,
        1,
        6.12323426292584e-17,
        3.74939939305299e-33
      ],
      "path": "Steve.001"
    },
    {
      "name": "character_bones.R",
      "scale": [
        100,
        100,
        100
      ],
      "children": [
        3
      ],
      "parent": null,
      "position": [
        0,
        0,
        0
      ],
      "quat": [
        -0.707106709480286,
        3.09086161109917e-8,
        -3.09086232164191e-8,
        0.707106828689575
      ],
      "path": "character_bones.R"
    },
    {
      "name": "Bone",
      "scale": [
        1,
        1,
        1
      ],
      "children": [
        4,
        7
      ],
      "parent": null,
      "position": [
        2.64797827524055e-25,
        0.00000934506715566386,
        0.00829509738832712
      ],
      "quat": [
        0.707106828689575,
        -2.54265258534841e-30,
        -3.77603128727072e-30,
        0.707106709480286
      ],
      "path": "character_bones.R/Bone",
      "uniqueBindPose": [
        -1,
        2.4492937051703357e-16,
        2.9995195144423884e-32,
        0,
        2.4492937051703357e-16,
        1,
        2.4492937051703357e-16,
        0,
        2.9995195144423884e-32,
        2.4492937051703357e-16,
        -1,
        0,
        -1.015856477770887e-18,
        -0.008295097388327122,
        -1.015856477770887e-18,
        1
      ]
    },
    {
      "name": "leg_up.R",
      "scale": [
        1,
        1.00000011920929,
        1.00002753734589
      ],
      "children": [
        5
      ],
      "parent": null,
      "position": [
        -0.0013556849444285,
        -0.000464665878098458,
        0.0000263083456957247
      ],
      "quat": [
        0.00362633378244936,
        0.0205856747925282,
        0.984620809555054,
        0.173449948430061
      ],
      "path": "character_bones.R/Bone/leg_up.R",
      "uniqueBindPose": [
        1,
        -8.888314084742888e-8,
        1.9097278425306285e-7,
        0,
        -9.678751666797325e-8,
        -0.9991260170936584,
        0.04179440811276436,
        0,
        1.8709621940615762e-7,
        -0.041795551776885986,
        -0.999098539352417,
        0,
        -0.0013556842459365726,
        0.007822489365935326,
        -0.0003535530704539269,
        1
      ]
    },
    {
      "name": "leg_down.R",
      "scale": [
        1.00000011920929,
        1,
        1
      ],
      "children": [
        6
      ],
      "parent": null,
      "position": [
        -2.60496624271411e-10,
        0.00335288513451815,
        -2.56113706631478e-11
      ],
      "quat": [
        -0.0424283668398857,
        -1.35952646473925e-7,
        -3.7191671964365e-8,
        0.999099493026733
      ],
      "path": "character_bones.R/Bone/leg_up.R/leg_down.R",
      "uniqueBindPose": [
        1,
        1.4043149455800208e-11,
        -8.754495439688981e-8,
        0,
        -3.7560625720800545e-9,
        -0.9990720748901367,
        -0.043062303215265274,
        0,
        -8.746673074710998e-8,
        0.0430634580552578,
        -0.9990451335906982,
        0,
        -0.0013556848280131817,
        0.00448348606005311,
        0.00002665468491613865,
        1
      ]
    },
    {
      "name": "foot.R",
      "scale": [
        1,
        1,
        1.00000011920929
      ],
      "parent": null,
      "position": [
        1.04286301816359e-10,
        0.00325416564010084,
        -5.82076574440205e-12
      ],
      "quat": [
        4.08240818927652e-9,
        0.917834639549255,
        0.396962910890579,
        -8.04908992790843e-8
      ],
      "path": "character_bones.R/Bone/leg_up.R/leg_down.R/foot.R",
      "uniqueBindPose": [
        -1,
        -8.258851241782494e-11,
        -6.348108883003079e-8,
        0,
        4.4403076771004635e-8,
        -0.7155751585960388,
        -0.6985161900520325,
        0,
        -4.5369045409415776e-8,
        -0.6985191702842712,
        0.7155721187591553,
        0,
        0.0013556848280131817,
        0.0008613000391051173,
        0.0008775315363891423,
        1
      ]
    },
    {
      "name": "Bone.001",
      "scale": [
        1,
        1,
        1
      ],
      "children": [
        8,
        10
      ],
      "parent": null,
      "position": [
        -1.32348907376208e-25,
        0.0038919544313103,
        -1.0842021482517e-21
      ],
      "quat": [
        -2.64697796016969e-23,
        -3.53161526080255e-31,
        -6.61744647814603e-24,
        1
      ],
      "path": "character_bones.R/Bone/Bone.001",
      "uniqueBindPose": [
        -1,
        2.4492937051703357e-16,
        2.9995195144423884e-32,
        0,
        2.4492937051703357e-16,
        1,
        2.4492937051703357e-16,
        0,
        2.9995195144423884e-32,
        2.4492937051703357e-16,
        -1,
        0,
        -1.4924834267954998e-18,
        -0.012187051586806774,
        -1.4924834267954998e-18,
        1
      ]
    },
    {
      "name": "arm_up.R",
      "scale": [
        1,
        1,
        1
      ],
      "children": [
        9
      ],
      "parent": null,
      "position": [
        -0.0040182638913393,
        0.00333013059571385,
        0.0000543366622878239
      ],
      "quat": [
        0.986564636230469,
        -0.163371339440346,
        6.02602057142576e-8,
        -3.43278045988882e-8
      ],
      "path": "character_bones.R/Bone/Bone.001/arm_up.R",
      "uniqueBindPose": [
        -1,
        -3.2210775202656805e-7,
        -1.5099580252808664e-7,
        0,
        3.2210775202656805e-7,
        -1,
        2.5544284298472525e-14,
        0,
        -1.5099580252808664e-7,
        -2.3092638912203256e-14,
        1,
        0,
        0.004018258769065142,
        0.01551718357950449,
        0.00005433709156932309,
        1
      ]
    },
    {
      "name": "arm_down.R",
      "scale": [
        1,
        1,
        1
      ],
      "parent": null,
      "position": [
        -5.91201532174068e-10,
        0.00370091339573264,
        6.68936911071838e-12
      ],
      "quat": [
        6.66133603016857e-16,
        -7.54979083694707e-8,
        1.63912773132324e-7,
        1
      ],
      "path": "character_bones.R/Bone/Bone.001/arm_up.R/arm_down.R",
      "uniqueBindPose": [
        -1,
        -2.4492937051703357e-16,
        -7.835054762102278e-21,
        0,
        2.4492937051703357e-16,
        -1,
        2.4492937051703357e-16,
        0,
        -7.835054762102278e-21,
        2.4492937051703357e-16,
        1,
        0,
        0.0040182629600167274,
        0.011816268786787987,
        0.000054336487664841115,
        1
      ]
    },
    {
      "name": "Bone.002",
      "scale": [
        1,
        1,
        1
      ],
      "parent": null,
      "position": [
        1.32348882724304e-25,
        0.00389577145688236,
        0
      ],
      "quat": [
        -2.64697796016969e-23,
        -1.58984670553234e-30,
        -1.32348913785703e-23,
        1
      ],
      "path": "character_bones.R/Bone/Bone.001/Bone.002",
      "uniqueBindPose": [
        -1,
        2.4492937051703357e-16,
        2.9995195144423884e-32,
        0,
        2.4492937051703357e-16,
        1,
        2.4492937051703357e-16,
        0,
        2.9995195144423884e-32,
        2.4492937051703357e-16,
        -1,
        0,
        -1.9695778362637815e-18,
        -0.016082823276519775,
        -1.9695778362637815e-18,
        1
      ]
    },
    {
      "name": "Steve.002",
      "scale": [
        100,
        100,
        100
      ],
      "mesh": 1,
      "skin": 1,
      "parent": null,
      "position": [
        0,
        0,
        0
      ],
      "quat": [
        6.12323426292584e-17,
        1,
        6.12323426292584e-17,
        3.74939939305299e-33
      ],
      "path": "Steve.002"
    },
    {
      "name": "character_bones.L",
      "scale": [
        100,
        100,
        100
      ],
      "children": [
        13
      ],
      "parent": null,
      "position": [
        0,
        0,
        0
      ],
      "quat": [
        -0.707106709480286,
        3.09086161109917e-8,
        -3.09086232164191e-8,
        0.707106828689575
      ],
      "path": "character_bones.L"
    },
    {
      "name": "Bone",
      "scale": [
        1,
        1,
        1
      ],
      "children": [
        14,
        17
      ],
      "parent": null,
      "position": [
        2.64797827524055e-25,
        0.00000934506715566386,
        0.00829509738832712
      ],
      "quat": [
        0.707106828689575,
        -2.54265258534841e-30,
        -3.77603128727072e-30,
        0.707106709480286
      ],
      "path": "character_bones.L/Bone",
      "uniqueBindPose": [
        -1,
        2.4492937051703357e-16,
        2.9995195144423884e-32,
        0,
        2.4492937051703357e-16,
        1,
        2.4492937051703357e-16,
        0,
        2.9995195144423884e-32,
        2.4492937051703357e-16,
        -1,
        0,
        -1.015856477770887e-18,
        -0.008295097388327122,
        -1.015856477770887e-18,
        1
      ]
    },
    {
      "name": "leg_up.L",
      "scale": [
        1,
        1,
        1.00002753734589
      ],
      "children": [
        15
      ],
      "parent": null,
      "position": [
        0.0013556849444285,
        -0.000464665878098458,
        0.0000263080419244943
      ],
      "quat": [
        -0.002290008822456,
        0.0207768119871616,
        0.993763208389282,
        -0.109534300863743
      ],
      "path": "character_bones.L/Bone/leg_up.L",
      "uniqueBindPose": [
        1,
        8.888314084742888e-8,
        -1.9097278425306285e-7,
        0,
        9.678751666797325e-8,
        -0.9991260170936584,
        0.04179440811276436,
        0,
        -1.8709621940615762e-7,
        -0.041795551776885986,
        -0.999098539352417,
        0,
        0.0013556842459365726,
        0.007822489365935326,
        -0.0003535530704539269,
        1
      ]
    },
    {
      "name": "leg_down.L",
      "scale": [
        1,
        0.999999940395355,
        0.999999821186066
      ],
      "children": [
        16
      ],
      "parent": null,
      "position": [
        8.30311774197012e-12,
        0.00335288397036493,
        -3.49245957674549e-12
      ],
      "quat": [
        -0.0424283742904663,
        1.3721503933084e-7,
        4.89529128344657e-8,
        0.999099493026733
      ],
      "path": "character_bones.L/Bone/leg_up.L/leg_down.L",
      "uniqueBindPose": [
        1,
        -1.4043149455800208e-11,
        8.754495439688981e-8,
        0,
        3.7560625720800545e-9,
        -0.9990720748901367,
        -0.043062303215265274,
        0,
        8.746673074710998e-8,
        0.0430634580552578,
        -0.9990451335906982,
        0,
        0.0013556848280131817,
        0.00448348606005311,
        0.00002665468491613865,
        1
      ]
    },
    {
      "name": "foot.L",
      "scale": [
        0.999999940395355,
        0.99999988079071,
        1
      ],
      "parent": null,
      "position": [
        4.2811431483214e-12,
        0.00325416470877826,
        -4.65661276899398e-12
      ],
      "quat": [
        -1.29551720462473e-8,
        0.917834639549255,
        0.396962910890579,
        7.66534355989279e-8
      ],
      "path": "character_bones.L/Bone/leg_up.L/leg_down.L/foot.L",
      "uniqueBindPose": [
        -1,
        8.258851241782494e-11,
        6.348108883003079e-8,
        0,
        -4.4403076771004635e-8,
        -0.7155751585960388,
        -0.6985161900520325,
        0,
        4.5369045409415776e-8,
        -0.6985191702842712,
        0.7155721187591553,
        0,
        -0.0013556848280131817,
        0.0008613000391051173,
        0.0008775315363891423,
        1
      ]
    },
    {
      "name": "Bone.001",
      "scale": [
        1,
        1,
        1
      ],
      "children": [
        18,
        20
      ],
      "parent": null,
      "position": [
        -1.32348907376208e-25,
        0.0038919544313103,
        -1.0842021482517e-21
      ],
      "quat": [
        -2.64697796016969e-23,
        -3.53161526080255e-31,
        -6.61744647814603e-24,
        1
      ],
      "path": "character_bones.L/Bone/Bone.001",
      "uniqueBindPose": [
        -1,
        2.4492937051703357e-16,
        2.9995195144423884e-32,
        0,
        2.4492937051703357e-16,
        1,
        2.4492937051703357e-16,
        0,
        2.9995195144423884e-32,
        2.4492937051703357e-16,
        -1,
        0,
        -1.4924834267954998e-18,
        -0.012187051586806774,
        -1.4924834267954998e-18,
        1
      ]
    },
    {
      "name": "arm_up.L",
      "scale": [
        1,
        1,
        1
      ],
      "children": [
        19
      ],
      "parent": null,
      "position": [
        0.0040182638913393,
        0.00333013059571385,
        0.0000543365385965444
      ],
      "quat": [
        0.989108622074127,
        0.147187352180481,
        -6.1761866732013e-8,
        -3.50020457062783e-8
      ],
      "path": "character_bones.L/Bone/Bone.001/arm_up.L",
      "uniqueBindPose": [
        -1,
        3.2210775202656805e-7,
        1.5099580252808664e-7,
        0,
        -3.2210775202656805e-7,
        -1,
        2.5544284298472525e-14,
        0,
        1.5099580252808664e-7,
        -2.3092638912203256e-14,
        1,
        0,
        -0.004018258769065142,
        0.01551718357950449,
        0.00005433709156932309,
        1
      ]
    },
    {
      "name": "arm_down.L",
      "scale": [
        1,
        1,
        1
      ],
      "parent": null,
      "position": [
        -5.03340901944482e-12,
        0.00370091269724071,
        -6.38870293473426e-12
      ],
      "quat": [
        -1.44329024965006e-15,
        7.54979083694707e-8,
        -1.63912773132324e-7,
        1
      ],
      "path": "character_bones.L/Bone/Bone.001/arm_up.L/arm_down.L",
      "uniqueBindPose": [
        -1,
        0,
        7.835054762102278e-21,
        0,
        9.595174425565785e-37,
        -1,
        0,
        0,
        7.835054762102278e-21,
        0,
        1,
        0,
        -0.0040182629600167274,
        0.011816268786787987,
        0.000054336487664841115,
        1
      ]
    },
    {
      "name": "Bone.002",
      "scale": [
        1,
        1,
        1
      ],
      "parent": null,
      "position": [
        1.32348882724304e-25,
        0.00389577145688236,
        0
      ],
      "quat": [
        -2.64697796016969e-23,
        -1.58984670553234e-30,
        -1.32348913785703e-23,
        1
      ],
      "path": "character_bones.L/Bone/Bone.001/Bone.002",
      "uniqueBindPose": [
        -1,
        2.4492937051703357e-16,
        2.9995195144423884e-32,
        0,
        2.4492937051703357e-16,
        1,
        2.4492937051703357e-16,
        0,
        2.9995195144423884e-32,
        2.4492937051703357e-16,
        -1,
        0,
        -1.9695778362637815e-18,
        -0.016082823276519775,
        -1.9695778362637815e-18,
        1
      ]
    }
  ],
  "_precomputeJointMatrix": false
}