{
  "__type__": "cc.Model",
  "_name": "hammer_die",
  "_objFlags": 0,
  "_native": "",
  "_nodes": [
    {
      "name": "RootNode",
      "scale": [
        1,
        1,
        1
      ],
      "children": [
        1,
        2
      ],
      "position": [
        0,
        0,
        0
      ],
      "quat": [
        0,
        0,
        0,
        1
      ],
      "path": ""
    },
    {
      "name": "Steve",
      "scale": [
        100,
        100,
        100
      ],
      "mesh": 0,
      "skin": 0,
      "parent": null,
      "position": [
        0,
        0,
        0
      ],
      "quat": [
        6.12323426292584e-17,
        1,
        6.12323426292584e-17,
        3.74939939305299e-33
      ],
      "path": "Steve"
    },
    {
      "name": "character_bones",
      "scale": [
        100,
        100,
        100
      ],
      "children": [
        3
      ],
      "parent": null,
      "position": [
        0,
        0,
        0
      ],
      "quat": [
        -0.707106709480286,
        3.09086161109917e-8,
        -3.09086232164191e-8,
        0.707106828689575
      ],
      "path": "character_bones"
    },
    {
      "name": "Bone",
      "scale": [
        1,
        1,
        1
      ],
      "children": [
        4,
        7,
        10
      ],
      "parent": null,
      "position": [
        -2.29248599270537e-11,
        -0.00337296538054943,
        -0.00029355997685343
      ],
      "quat": [
        -2.84035763797874e-8,
        -1.81528238111172e-23,
        1.11022315697405e-16,
        1
      ],
      "path": "character_bones/Bone",
      "uniqueBindPose": [
        -1,
        -7.970102328023975e-24,
        -2.220446313948109e-16,
        0,
        -2.719262559423154e-32,
        1,
        -3.589414276916614e-8,
        0,
        2.220446313948109e-16,
        -3.589414276916614e-8,
        -1,
        0,
        2.292485992705373e-11,
        0.00016308188787661493,
        0.00013881322229281068,
        1
      ]
    },
    {
      "name": "leg_up.L",
      "scale": [
        1.00000011920929,
        1,
        1.00003051757813
      ],
      "children": [
        5
      ],
      "parent": null,
      "position": [
        0.0013556849444285,
        -0.000464665848994628,
        0.0000263083329627989
      ],
      "quat": [
        -0.00637595169246197,
        0.0199064631015062,
        0.952133119106293,
        -0.304968178272247
      ],
      "path": "character_bones/Bone/leg_up.L",
      "uniqueBindPose": [
        1,
        8.888289926289872e-8,
        -4.293799236165796e-7,
        0,
        1.0675195483145217e-7,
        -0.999126136302948,
        0.04179428145289421,
        0,
        -4.2530291466391645e-7,
        -0.04179554805159569,
        -0.9990957379341125,
        0,
        0.0013556850608438253,
        -0.0006224968819878995,
        0.0001386388612445444,
        1
      ]
    },
    {
      "name": "leg_down.L",
      "scale": [
        1.00000011920929,
        0.999999940395355,
        0.999999940395355
      ],
      "children": [
        6
      ],
      "parent": null,
      "position": [
        -3.1166569325336e-11,
        0.00335288536734879,
        -1.86264510759759e-11
      ],
      "quat": [
        -0.0375740490853786,
        0.000295660720439628,
        -0.4645074903965,
        0.884771645069122
      ],
      "path": "character_bones/Bone/leg_up.L/leg_down.L",
      "uniqueBindPose": [
        1,
        -3.245550703190325e-11,
        0.0000025355047910124995,
        0,
        1.0915827886037732e-7,
        -0.9990717768669128,
        -0.043062079697847366,
        0,
        0.0000025332305995107163,
        0.04306335747241974,
        -0.9990420937538147,
        0,
        0.0013556850608438253,
        -0.003972821403294802,
        -0.00019888902897946537,
        1
      ]
    },
    {
      "name": "foot.L",
      "scale": [
        0.999999940395355,
        1.00001883506775,
        1.00001120567322
      ],
      "parent": null,
      "position": [
        8.49432538196915e-11,
        0.00325416610576212,
        -4.65661276899398e-12
      ],
      "quat": [
        -0.160889074206352,
        0.904116809368134,
        0.391030341386795,
        -0.0615039058029652
      ],
      "path": "character_bones/Bone/leg_up.L/leg_down.L/foot.L",
      "uniqueBindPose": [
        -1,
        9.776952164530783e-11,
        2.3813188931853801e-7,
        0,
        -1.6641423883356765e-7,
        -0.715575098991394,
        -0.6985141038894653,
        0,
        1.7033809740496508e-7,
        -0.698517382144928,
        0.7155717015266418,
        0,
        -0.0013556857593357563,
        -0.005094199441373348,
        -0.005129959434270859,
        1
      ]
    },
    {
      "name": "leg_up.R",
      "scale": [
        1.00000035762787,
        1,
        1.00003027915955
      ],
      "children": [
        8
      ],
      "parent": null,
      "position": [
        -0.0013556849444285,
        -0.000464665848994628,
        0.0000263083329627989
      ],
      "quat": [
        0.0127071402966976,
        0.0165946260094643,
        0.793806612491608,
        0.607811033725739
      ],
      "path": "character_bones/Bone/leg_up.R",
      "uniqueBindPose": [
        1,
        -8.888289926289872e-8,
        4.293799236165796e-7,
        0,
        -1.0675195483145217e-7,
        -0.999126136302948,
        0.04179428145289421,
        0,
        4.2530291466391645e-7,
        -0.04179554805159569,
        -0.9990957379341125,
        0,
        -0.0013556850608438253,
        -0.0006224968819878995,
        0.0001386388612445444,
        1
      ]
    },
    {
      "name": "leg_down.R",
      "scale": [
        1.00000011920929,
        1,
        0.99999988079071
      ],
      "children": [
        9
      ],
      "parent": null,
      "position": [
        -2.30398256029218e-10,
        0.00335288466885686,
        2.79396766139639e-11
      ],
      "quat": [
        -0.0323714427649975,
        -0.000411130429711193,
        0.646460950374603,
        0.762259900569916
      ],
      "path": "character_bones/Bone/leg_up.R/leg_down.R",
      "uniqueBindPose": [
        1,
        3.245550703190325e-11,
        -0.0000025355047910124995,
        0,
        -1.0915827886037732e-7,
        -0.9990717768669128,
        -0.043062079697847366,
        0,
        -0.0000025332305995107163,
        0.04306335747241974,
        -0.9990420937538147,
        0,
        -0.0013556850608438253,
        -0.003972821403294802,
        -0.00019888902897946537,
        1
      ]
    },
    {
      "name": "foot.R",
      "scale": [
        1,
        1.00001883506775,
        1.00001120567322
      ],
      "parent": null,
      "position": [
        2.06888117748605e-10,
        0.00325416517443955,
        -2.56113706631478e-11
      ],
      "quat": [
        0.0461895912885666,
        0.916711270809174,
        0.396478563547134,
        0.0176566634327173
      ],
      "path": "character_bones/Bone/leg_up.R/leg_down.R/foot.R",
      "uniqueBindPose": [
        -1,
        -9.776952164530783e-11,
        -2.3813188931853801e-7,
        0,
        1.6641423883356765e-7,
        -0.715575098991394,
        -0.6985141038894653,
        0,
        -1.7033809740496508e-7,
        -0.698517382144928,
        0.7155717015266418,
        0,
        0.0013556857593357563,
        -0.005094199441373348,
        -0.005129959434270859,
        1
      ]
    },
    {
      "name": "Bone.001",
      "scale": [
        1,
        1,
        1
      ],
      "children": [
        11,
        12,
        14
      ],
      "parent": null,
      "position": [
        1.15238718736613e-19,
        0.0038919544313103,
        7.86246588668771e-12
      ],
      "quat": [
        -7.14178938210352e-8,
        1.24472805396181e-8,
        -0.202632024884224,
        0.979254961013794
      ],
      "path": "character_bones/Bone/Bone.001",
      "uniqueBindPose": [
        -1,
        -6.89018527427537e-16,
        -2.220446313948109e-16,
        0,
        -6.890185803670962e-16,
        1,
        1.0996753019298922e-7,
        0,
        2.220445652203619e-16,
        1.0996753019298922e-7,
        -1,
        0,
        2.2924861661777207e-11,
        -0.003728872397914529,
        0.00013881268387194723,
        1
      ]
    },
    {
      "name": "Bone.002",
      "scale": [
        0.999999940395355,
        0.999999940395355,
        1
      ],
      "parent": null,
      "position": [
        5.81506067257043e-12,
        0.00389577145688236,
        2.60210342856171e-11
      ],
      "quat": [
        1.36288079488622e-7,
        5.87124908690839e-8,
        -0.214364841580391,
        0.976753652095795
      ],
      "path": "character_bones/Bone/Bone.001/Bone.002",
      "uniqueBindPose": [
        -1,
        8.881783138210068e-16,
        -2.220445387505823e-16,
        0,
        8.881784197001252e-16,
        1,
        -1.6909581290747155e-7,
        0,
        2.220443931667945e-16,
        -1.6909581290747155e-7,
        -1,
        0,
        2.292485125343635e-11,
        -0.0076246438547968864,
        0.00013881479389965534,
        1
      ]
    },
    {
      "name": "arm_up.L",
      "scale": [
        1,
        1,
        1
      ],
      "children": [
        13
      ],
      "parent": null,
      "position": [
        0.0040182638913393,
        0.00333013013005257,
        0.000054336716857506
      ],
      "quat": [
        -3.51866269454604e-8,
        8.73716530236379e-8,
        -0.784656465053558,
        0.619930863380432
      ],
      "path": "character_bones/Bone/Bone.001/arm_up.L",
      "uniqueBindPose": [
        1,
        -4.653193114026802e-14,
        -3.019916050561733e-7,
        0,
        -1.3322676295501878e-14,
        -1,
        1.0996747334957035e-7,
        0,
        -3.019916050561733e-7,
        -1.0996747334957035e-7,
        -1,
        0,
        0.004018263891339302,
        0.007059002760797739,
        0.00008447477739537135,
        1
      ]
    },
    {
      "name": "arm_down.L",
      "scale": [
        1,
        1,
        1
      ],
      "parent": null,
      "position": [
        -9.55197657082074e-11,
        0.00370091339573264,
        4.21379554513268e-12
      ],
      "quat": [
        -1.64387600420923e-7,
        1.7271075591907e-7,
        -0.458532363176346,
        0.888677716255188
      ],
      "path": "character_bones/Bone/Bone.001/arm_up.L/arm_down.L",
      "uniqueBindPose": [
        1,
        2.5456594365575076e-14,
        3.019916050561733e-7,
        0,
        3.710433246458325e-14,
        -1,
        -3.856974473137598e-8,
        0,
        3.019916050561733e-7,
        3.856974473137598e-8,
        -1,
        0,
        0.004018263891339302,
        0.003358089830726385,
        0.00008447768050245941,
        1
      ]
    },
    {
      "name": "arm_up.R",
      "scale": [
        1.00000023841858,
        1.00000023841858,
        1
      ],
      "children": [
        15
      ],
      "parent": null,
      "position": [
        -0.00401826435700059,
        0.00333013013005257,
        0.0000543367059435695
      ],
      "quat": [
        -7.55568330124134e-10,
        -1.04938592926374e-7,
        0.667539715766907,
        0.744574189186096
      ],
      "path": "character_bones/Bone/Bone.001/arm_up.R",
      "uniqueBindPose": [
        1,
        4.7864198769818206e-14,
        3.019916050561733e-7,
        0,
        1.4654943925052066e-14,
        -1,
        1.0996747334957035e-7,
        0,
        3.019916050561733e-7,
        -1.0996747334957035e-7,
        -1,
        0,
        -0.004018263891339302,
        0.007059002760797739,
        0.00008447477739537135,
        1
      ]
    },
    {
      "name": "arm_down.R",
      "scale": [
        1,
        1,
        1
      ],
      "parent": null,
      "position": [
        3.15699966169092e-10,
        0.00370091362856328,
        -5.48602916566887e-12
      ],
      "quat": [
        3.81607385691041e-8,
        -3.4036486340483e-7,
        -0.548518776893616,
        0.836138248443604
      ],
      "path": "character_bones/Bone/Bone.001/arm_up.R/arm_down.R",
      "uniqueBindPose": [
        1,
        -1.9670054905089433e-14,
        -2.3841853646899835e-7,
        0,
        -2.886579864025407e-14,
        -1,
        -3.856974473137598e-8,
        0,
        -2.3841853646899835e-7,
        3.856974473137598e-8,
        -1,
        0,
        -0.004018263891339302,
        0.003358089830726385,
        0.00008447742584394291,
        1
      ]
    }
  ],
  "_precomputeJointMatrix": false
}